00:57:55.253  RX: AA 07 00 00 01 05 01 00 00
00:57:55.257  UNATTR RX: cmd=0x0501 len=0 head=[] ancFlush=no
00:57:55.258  RX: AA 07 00 00 00 05 02 00 00
00:57:55.259  UNATTR RX: cmd=0x0500 len=0 head=[] ancFlush=no
00:57:56.194  ANC TAP: circle=Off current=ANC-Light
00:57:56.197  TX[ANC Off]: AA 0A 00 00 04 04 8F 03 00 01 01 01
00:57:56.318  RX: AA 0C 00 00 04 02 FF 05 00 03 01 01 08 00
00:57:56.320  ANC EVT: raw=0x0008 -> Off
00:57:56.322  RX: AA 08 00 00 04 84 8F 01 00 00
00:57:56.323  UNATTR RX: cmd=0x8404 len=1 head=[00] ancFlush=YES
00:57:56.687  TX[poll status]: AA 13 00 00 0D 01 00 0C 00 0B 05 04 0B 11 13 18 06 1B 1C 27 28
00:57:56.720  RX: AA 17 00 00 0D 81 00 10 00 00 07 05 01 04 00 0B 01 11 01 18 01 06 00 1B 00
00:57:57.204  TX[poll status]: AA 13 00 00 0D 01 00 0C 00 0B 05 04 0B 11 13 18 06 1B 1C 27 28
00:57:57.233  RX: AA 17 00 00 0D 81 00 10 00 00 07 05 01 04 00 0B 01 11 01 18 01 06 00 1B 00
00:57:58.151  TX[poll status]: AA 13 00 00 0D 01 00 0C 00 0B 05 04 0B 11 13 18 06 1B 1C 27 28
00:57:58.184  RX: AA 17 00 00 0D 81 00 10 00 00 07 05 01 04 00 0B 01 11 01 18 01 06 00 1B 00
00:58:03.309  KEYFN WRITE: dev=0x01 btn=0x01 act=0x01 -> 0x01 (full table, 20 entries)
00:58:03.313  TX[set key function]: AA 58 00 00 01 04 90 51 00 14 01 01 01 01 01 01 02 00 01 01 03 00 01 01 04 08 01 01 06 00 01 02 05 00 01 03 05 00 02 01 01 01 02 01 02 03 02 01 03 11 02 01 04 08 02 01 06 00 02 02 05 00 02 03 05 00 01 06 02 00 01 06 03 00 01 06 06 00 02 06 02 00 02 06 03 00 02 06 06 00
00:58:03.813  RX: AA 08 00 00 01 84 90 01 00 00
00:58:03.815  UNATTR RX: cmd=0x8401 len=1 head=[00] ancFlush=YES
00:58:03.912  TX[verify key function]: AA 07 00 00 08 01 91 00 00
00:58:03.947  RX: AA 59 00 00 08 81 91 52 00 00 14 01 01 01 01 01 01 02 00 01 01 03 00 01 01 04 08 01 01 06 00 01 02 05 00 01 03 05 00 02 01 01 01 02 01 02 03 02 01 03 11 02 01 04 08 02 01 06 00 02 02 05 00 02 03 05 00 01 06 02 00 01 06 03 00 01 06 06 00 02 06 02 00 02 06 03 00 02 06 06 00
00:58:03.953  KEYFN: getKeyFunction reply: status=0x00 count=20 parsed=20 dev=0x01/btn=0x01[01:01 02:00 03:00 04:08 06:00] dev=0x01/btn=0x02[05:00] dev=0x01/btn=0x03[05:00] dev=0x01/btn=0x06[02:00 03:00 06:00] dev=0x02/btn=0x01[01:01 02:03 03:11 04:08 06:00] dev=0x02/btn=0x02[05:00] dev=0x02/btn=0x03[05:00] dev=0x02/btn=0x06[02:00 03:00 06:00] RAW=[00 14 01 01 01 01 01 01 02 00 01 01 03 00 01 01 04 08 01 01 06 00 01 02 05 00 01 03 05 00 02 01 01 01 02 01 02 03 02 01 03 11 02 01 04 08 02 01 06 00 02 02 05 00 02 03 05 00 01 06 02 00 01 06 03 00 01 06 06 00 02 06 02 00 02 06 03 00 02 06 06 00]
00:58:03.957  KEYFN DIFF: dev=0x01/btn=0x01 act=0x01: 0x00 -> 0x01
00:58:07.330  KEYFN WRITE: dev=0x01 btn=0x01 act=0x02 -> 0x05 (full table, 20 entries)
00:58:07.334  TX[set key function]: AA 58 00 00 01 04 92 51 00 14 01 01 01 01 01 01 02 05 01 01 03 00 01 01 04 08 01 01 06 00 01 02 05 00 01 03 05 00 02 01 01 01 02 01 02 03 02 01 03 11 02 01 04 08 02 01 06 00 02 02 05 00 02 03 05 00 01 06 02 00 01 06 03 00 01 06 06 00 02 06 02 00 02 06 03 00 02 06 06 00
00:58:07.416  RX: AA 08 00 00 01 84 92 01 00 00
00:58:07.417  UNATTR RX: cmd=0x8401 len=1 head=[00] ancFlush=YES
00:58:07.933  TX[verify key function]: AA 07 00 00 08 01 93 00 00
00:58:08.008  RX: AA 59 00 00 08 81 93 52 00 00 14 01 01 01 01 01 01 02 05 01 01 03 00 01 01 04 08 01 01 06 00 01 02 05 00 01 03 05 00 02 01 01 01 02 01 02 03 02 01 03 11 02 01 04 08 02 01 06 00 02 02 05 00 02 03 05 00 01 06 02 00 01 06 03 00 01 06 06 00 02 06 02 00 02 06 03 00 02 06 06 00
00:58:08.008  KEYFN: getKeyFunction reply: status=0x00 count=20 parsed=20 dev=0x01/btn=0x01[01:01 02:05 03:00 04:08 06:00] dev=0x01/btn=0x02[05:00] dev=0x01/btn=0x03[05:00] dev=0x01/btn=0x06[02:00 03:00 06:00] dev=0x02/btn=0x01[01:01 02:03 03:11 04:08 06:00] dev=0x02/btn=0x02[05:00] dev=0x02/btn=0x03[05:00] dev=0x02/btn=0x06[02:00 03:00 06:00] RAW=[00 14 01 01 01 01 01 01 02 05 01 01 03 00 01 01 04 08 01 01 06 00 01 02 05 00 01 03 05 00 02 01 01 01 02 01 02 03 02 01 03 11 02 01 04 08 02 01 06 00 02 02 05 00 02 03 05 00 01 06 02 00 01 06 03 00 01 06 06 00 02 06 02 00 02 06 03 00 02 06 06 00]
00:58:08.009  KEYFN DIFF: dev=0x01/btn=0x01 act=0x02: 0x00 -> 0x05
00:58:10.408  TX[poll status]: AA 13 00 00 0D 01 00 0C 00 0B 05 04 0B 11 13 18 06 1B 1C 27 28
00:58:10.526  RX: AA 17 00 00 0D 81 00 10 00 00 07 05 01 04 00 0B 01 11 01 18 01 06 00 1B 00
00:58:12.709  TX[poll status]: AA 13 00 00 0D 01 00 0C 00 0B 05 04 0B 11 13 18 06 1B 1C 27 28
00:58:12.744  RX: AA 17 00 00 0D 81 00 10 00 00 07 05 01 04 00 0B 01 11 01 18 01 06 00 1B 00
00:58:24.430  RX: AA 0C 00 00 04 02 FF 05 00 03 01 01 08 00
00:58:24.433  ANC EVT: raw=0x0008 -> Off
00:58:24.435  RX: AA 0F 00 00 04 02 FF 08 00 02 03 01 05 02 07 03 04
00:58:24.437  WEAR EVT: L=out R=EAR case=CASE
00:58:32.170  RX: AA 0F 00 00 04 02 FF 08 00 02 03 01 07 02 07 03 04
00:58:32.171  WEAR EVT: L=EAR R=EAR case=CASE
00:58:32.661  RX: AA 0C 00 00 04 02 FF 05 00 03 01 01 08 00
00:58:32.663  ANC EVT: raw=0x0008 -> Off
00:58:35.254  RX: AA 0D 00 00 04 02 FF 06 00 F1 01 01 02 05 02
00:58:35.257  BTN EVT: L btn=0x01 double tap +0x05 ctx=0x02
00:58:37.886  RX: AA 0D 00 00 04 02 FF 06 00 F1 01 01 01 01 02
00:58:37.887  BTN EVT: L btn=0x01 action=0x01 +0x01 ctx=0x02
00:58:40.200  TX[poll status]: AA 13 00 00 0D 01 00 0C 00 0B 05 04 0B 11 13 18 06 1B 1C 27 28
00:58:40.217  RX: AA 17 00 00 0D 81 00 10 00 00 07 05 01 04 00 0B 01 11 01 18 01 06 00 1B 00
00:58:40.709  TX[poll status]: AA 13 00 00 0D 01 00 0C 00 0B 05 04 0B 11 13 18 06 1B 1C 27 28
00:58:40.728  RX: AA 17 00 00 0D 81 00 10 00 00 07 05 01 04 00 0B 01 11 01 18 01 06 00 1B 00
00:58:41.505  TX[poll status]: AA 13 00 00 0D 01 00 0C 00 0B 05 04 0B 11 13 18 06 1B 1C 27 28
00:58:41.515  RX: AA 17 00 00 0D 81 00 10 00 00 07 05 01 04 00 0B 01 11 01 18 01 06 00 1B 00
00:58:44.986  TX[poll status]: AA 13 00 00 0D 01 00 0C 00 0B 05 04 0B 11 13 18 06 1B 1C 27 28
00:58:45.016  RX: AA 17 00 00 0D 81 00 10 00 00 07 05 01 04 00 0B 01 11 01 18 01 06 00 1B 00
00:58:46.855  KEYFN WRITE: dev=0x01 btn=0x01 act=0x03 -> 0x06 (full table, 20 entries)
00:58:46.858  TX[set key function]: AA 58 00 00 01 04 94 51 00 14 01 01 01 01 01 01 02 05 01 01 03 06 01 01 04 08 01 01 06 00 01 02 05 00 01 03 05 00 02 01 01 01 02 01 02 03 02 01 03 11 02 01 04 08 02 01 06 00 02 02 05 00 02 03 05 00 01 06 02 00 01 06 03 00 01 06 06 00 02 06 02 00 02 06 03 00 02 06 06 00
00:58:46.887  RX: AA 08 00 00 01 84 94 01 00 00
00:58:46.887  UNATTR RX: cmd=0x8401 len=1 head=[00] ancFlush=YES
00:58:47.457  TX[verify key function]: AA 07 00 00 08 01 95 00 00
00:58:47.505  RX: AA 59 00 00 08 81 95 52 00 00 14 01 01 01 01 01 01 02 05 01 01 03 06 01 01 04 08 01 01 06 00 01 02 05 00 01 03 05 00 02 01 01 01 02 01 02 03 02 01 03 11 02 01 04 08 02 01 06 00 02 02 05 00 02 03 05 00 01 06 02 00 01 06 03 00 01 06 06 00 02 06 02 00 02 06 03 00 02 06 06 00
00:58:47.508  KEYFN: getKeyFunction reply: status=0x00 count=20 parsed=20 dev=0x01/btn=0x01[01:01 02:05 03:06 04:08 06:00] dev=0x01/btn=0x02[05:00] dev=0x01/btn=0x03[05:00] dev=0x01/btn=0x06[02:00 03:00 06:00] dev=0x02/btn=0x01[01:01 02:03 03:11 04:08 06:00] dev=0x02/btn=0x02[05:00] dev=0x02/btn=0x03[05:00] dev=0x02/btn=0x06[02:00 03:00 06:00] RAW=[00 14 01 01 01 01 01 01 02 05 01 01 03 06 01 01 04 08 01 01 06 00 01 02 05 00 01 03 05 00 02 01 01 01 02 01 02 03 02 01 03 11 02 01 04 08 02 01 06 00 02 02 05 00 02 03 05 00 01 06 02 00 01 06 03 00 01 06 06 00 02 06 02 00 02 06 03 00 02 06 06 00]
00:58:47.511  KEYFN DIFF: dev=0x01/btn=0x01 act=0x03: 0x00 -> 0x06
00:58:52.597  KEYFN WRITE: dev=0x01 btn=0x01 act=0x05 -> 0x0A (full table, 20 entries)
00:58:52.603  TX[set key function]: AA 58 00 00 01 04 96 51 00 14 01 01 01 01 01 01 02 05 01 01 03 06 01 01 04 08 01 01 06 00 01 02 05 00 01 03 05 00 02 01 01 01 02 01 02 03 02 01 03 11 02 01 04 08 02 01 06 00 02 02 05 00 02 03 05 00 01 06 02 00 01 06 03 00 01 06 06 00 02 06 02 00 02 06 03 00 02 06 06 00
00:58:52.676  RX: AA 08 00 00 01 84 96 01 00 00
00:58:52.680  UNATTR RX: cmd=0x8401 len=1 head=[00] ancFlush=YES
00:58:53.201  TX[verify key function]: AA 07 00 00 08 01 97 00 00
00:58:53.231  RX: AA 59 00 00 08 81 97 52 00 00 14 01 01 01 01 01 01 02 05 01 01 03 06 01 01 04 08 01 01 06 00 01 02 05 00 01 03 05 00 02 01 01 01 02 01 02 03 02 01 03 11 02 01 04 08 02 01 06 00 02 02 05 00 02 03 05 00 01 06 02 00 01 06 03 00 01 06 06 00 02 06 02 00 02 06 03 00 02 06 06 00
00:58:53.233  KEYFN: getKeyFunction reply: status=0x00 count=20 parsed=20 dev=0x01/btn=0x01[01:01 02:05 03:06 04:08 06:00] dev=0x01/btn=0x02[05:00] dev=0x01/btn=0x03[05:00] dev=0x01/btn=0x06[02:00 03:00 06:00] dev=0x02/btn=0x01[01:01 02:03 03:11 04:08 06:00] dev=0x02/btn=0x02[05:00] dev=0x02/btn=0x03[05:00] dev=0x02/btn=0x06[02:00 03:00 06:00] RAW=[00 14 01 01 01 01 01 01 02 05 01 01 03 06 01 01 04 08 01 01 06 00 01 02 05 00 01 03 05 00 02 01 01 01 02 01 02 03 02 01 03 11 02 01 04 08 02 01 06 00 02 02 05 00 02 03 05 00 01 06 02 00 01 06 03 00 01 06 06 00 02 06 02 00 02 06 03 00 02 06 06 00]
00:58:53.237  KEYFN DIFF: NO CHANGE (20 slots identical)
00:58:56.688  TX[poll status]: AA 13 00 00 0D 01 00 0C 00 0B 05 04 0B 11 13 18 06 1B 1C 27 28
00:58:56.711  RX: AA 17 00 00 0D 81 00 10 00 00 07 05 01 04 00 0B 01 11 01 18 01 06 00 1B 00
00:58:57.205  TX[poll status]: AA 13 00 00 0D 01 00 0C 00 0B 05 04 0B 11 13 18 06 1B 1C 27 28
00:58:57.260  RX: AA 17 00 00 0D 81 00 10 00 00 07 05 01 04 00 0B 01 11 01 18 01 06 00 1B 00
00:58:58.153  TX[poll status]: AA 13 00 00 0D 01 00 0C 00 0B 05 04 0B 11 13 18 06 1B 1C 27 28
00:58:58.172  RX: AA 17 00 00 0D 81 00 10 00 00 07 05 01 04 00 0B 01 11 01 18 01 06 00 1B 00
00:58:58.476  RX: AA 0D 00 00 04 02 FF 06 00 F1 01 01 01 01 02
00:58:58.478  BTN EVT: L btn=0x01 action=0x01 +0x01 ctx=0x02
00:58:59.353  RX: AA 0D 00 00 04 02 FF 06 00 F1 01 01 01 01 02
00:58:59.355  BTN EVT: L btn=0x01 action=0x01 +0x01 ctx=0x02
00:59:01.948  RX: AA 0D 00 00 04 02 FF 06 00 F1 01 01 01 01 02
00:59:01.952  BTN EVT: L btn=0x01 action=0x01 +0x01 ctx=0x02
00:59:03.254  RX: AA 0D 00 00 04 02 FF 06 00 F1 01 01 01 01 02
00:59:03.257  BTN EVT: L btn=0x01 action=0x01 +0x01 ctx=0x02
00:59:04.815  KEYFN WRITE: dev=0x01 btn=0x01 act=0x01 -> 0x00 (full table, 20 entries)
00:59:04.820  TX[set key function]: AA 58 00 00 01 04 98 51 00 14 01 01 01 00 01 01 02 05 01 01 03 06 01 01 04 08 01 01 06 00 01 02 05 00 01 03 05 00 02 01 01 01 02 01 02 03 02 01 03 11 02 01 04 08 02 01 06 00 02 02 05 00 02 03 05 00 01 06 02 00 01 06 03 00 01 06 06 00 02 06 02 00 02 06 03 00 02 06 06 00
00:59:04.847  RX: AA 08 00 00 01 84 98 01 00 00
00:59:04.848  UNATTR RX: cmd=0x8401 len=1 head=[00] ancFlush=YES
00:59:05.419  TX[verify key function]: AA 07 00 00 08 01 99 00 00
00:59:05.454  RX: AA 59 00 00 08 81 99 52 00 00 14 01 01 01 00 01 01 02 05 01 01 03 06 01 01 04 08 01 01 06 00 01 02 05 00 01 03 05 00 02 01 01 01 02 01 02 03 02 01 03 11 02 01 04 08 02 01 06 00 02 02 05 00 02 03 05 00 01 06 02 00 01 06 03 00 01 06 06 00 02 06 02 00 02 06 03 00 02 06 06 00
00:59:05.460  KEYFN: getKeyFunction reply: status=0x00 count=20 parsed=20 dev=0x01/btn=0x01[01:00 02:05 03:06 04:08 06:00] dev=0x01/btn=0x02[05:00] dev=0x01/btn=0x03[05:00] dev=0x01/btn=0x06[02:00 03:00 06:00] dev=0x02/btn=0x01[01:01 02:03 03:11 04:08 06:00] dev=0x02/btn=0x02[05:00] dev=0x02/btn=0x03[05:00] dev=0x02/btn=0x06[02:00 03:00 06:00] RAW=[00 14 01 01 01 00 01 01 02 05 01 01 03 06 01 01 04 08 01 01 06 00 01 02 05 00 01 03 05 00 02 01 01 01 02 01 02 03 02 01 03 11 02 01 04 08 02 01 06 00 02 02 05 00 02 03 05 00 01 06 02 00 01 06 03 00 01 06 06 00 02 06 02 00 02 06 03 00 02 06 06 00]
00:59:05.465  KEYFN DIFF: dev=0x01/btn=0x01 act=0x01: 0x01 -> 0x00
00:59:10.410  TX[poll status]: AA 13 00 00 0D 01 00 0C 00 0B 05 04 0B 11 13 18 06 1B 1C 27 28
00:59:10.430  RX: AA 17 00 00 0D 81 00 10 00 00 07 05 01 04 00 0B 01 11 01 18 01 06 00 1B 00
00:59:12.121  RX: AA 0D 00 00 04 02 FF 06 00 F1 01 01 02 05 02
00:59:12.124  BTN EVT: L btn=0x01 double tap +0x05 ctx=0x02
00:59:12.710  TX[poll status]: AA 13 00 00 0D 01 00 0C 00 0B 05 04 0B 11 13 18 06 1B 1C 27 28
00:59:12.736  RX: AA 17 00 00 0D 81 00 10 00 00 07 05 01 04 00 0B 01 11 01 18 01 06 00 1B 00
00:59:14.351  KEYFN WRITE: dev=0x01 btn=0x01 act=0x02 -> 0x06 (full table, 20 entries)
00:59:14.353  TX[set key function]: AA 58 00 00 01 04 9A 51 00 14 01 01 01 00 01 01 02 06 01 01 03 06 01 01 04 08 01 01 06 00 01 02 05 00 01 03 05 00 02 01 01 01 02 01 02 03 02 01 03 11 02 01 04 08 02 01 06 00 02 02 05 00 02 03 05 00 01 06 02 00 01 06 03 00 01 06 06 00 02 06 02 00 02 06 03 00 02 06 06 00
00:59:14.386  RX: AA 08 00 00 01 84 9A 01 00 00
00:59:14.386  UNATTR RX: cmd=0x8401 len=1 head=[00] ancFlush=YES
00:59:14.954  TX[verify key function]: AA 07 00 00 08 01 9B 00 00
00:59:14.974  RX: AA 59 00 00 08 81 9B 52 00 00 14 01 01 01 00 01 01 02 06 01 01 03 06 01 01 04 08 01 01 06 00 01 02 05 00 01 03 05 00 02 01 01 01 02 01 02 03 02 01 03 11 02 01 04 08 02 01 06 00 02 02 05 00 02 03 05 00 01 06 02 00 01 06 03 00 01 06 06 00 02 06 02 00 02 06 03 00 02 06 06 00
00:59:14.979  KEYFN: getKeyFunction reply: status=0x00 count=20 parsed=20 dev=0x01/btn=0x01[01:00 02:06 03:06 04:08 06:00] dev=0x01/btn=0x02[05:00] dev=0x01/btn=0x03[05:00] dev=0x01/btn=0x06[02:00 03:00 06:00] dev=0x02/btn=0x01[01:01 02:03 03:11 04:08 06:00] dev=0x02/btn=0x02[05:00] dev=0x02/btn=0x03[05:00] dev=0x02/btn=0x06[02:00 03:00 06:00] RAW=[00 14 01 01 01 00 01 01 02 06 01 01 03 06 01 01 04 08 01 01 06 00 01 02 05 00 01 03 05 00 02 01 01 01 02 01 02 03 02 01 03 11 02 01 04 08 02 01 06 00 02 02 05 00 02 03 05 00 01 06 02 00 01 06 03 00 01 06 06 00 02 06 02 00 02 06 03 00 02 06 06 00]
00:59:14.982  KEYFN DIFF: dev=0x01/btn=0x01 act=0x02: 0x05 -> 0x06
00:59:15.727  RX: AA 0D 00 00 04 02 FF 06 00 F1 01 01 02 06 02
00:59:15.729  BTN EVT: L btn=0x01 double tap +0x06 ctx=0x02
00:59:18.160  KEYFN WRITE: dev=0x01 btn=0x01 act=0x02 -> 0x00 (full table, 20 entries)
00:59:18.162  TX[set key function]: AA 58 00 00 01 04 9C 51 00 14 01 01 01 00 01 01 02 00 01 01 03 06 01 01 04 08 01 01 06 00 01 02 05 00 01 03 05 00 02 01 01 01 02 01 02 03 02 01 03 11 02 01 04 08 02 01 06 00 02 02 05 00 02 03 05 00 01 06 02 00 01 06 03 00 01 06 06 00 02 06 02 00 02 06 03 00 02 06 06 00
00:59:18.188  RX: AA 08 00 00 01 84 9C 01 00 00
00:59:18.188  UNATTR RX: cmd=0x8401 len=1 head=[00] ancFlush=YES
00:59:18.763  TX[verify key function]: AA 07 00 00 08 01 9D 00 00
00:59:18.794  RX: AA 59 00 00 08 81 9D 52 00 00 14 01 01 01 00 01 01 02 00 01 01 03 06 01 01 04 08 01 01 06 00 01 02 05 00 01 03 05 00 02 01 01 01 02 01 02 03 02 01 03 11 02 01 04 08 02 01 06 00 02 02 05 00 02 03 05 00 01 06 02 00 01 06 03 00 01 06 06 00 02 06 02 00 02 06 03 00 02 06 06 00
00:59:18.801  KEYFN: getKeyFunction reply: status=0x00 count=20 parsed=20 dev=0x01/btn=0x01[01:00 02:00 03:06 04:08 06:00] dev=0x01/btn=0x02[05:00] dev=0x01/btn=0x03[05:00] dev=0x01/btn=0x06[02:00 03:00 06:00] dev=0x02/btn=0x01[01:01 02:03 03:11 04:08 06:00] dev=0x02/btn=0x02[05:00] dev=0x02/btn=0x03[05:00] dev=0x02/btn=0x06[02:00 03:00 06:00] RAW=[00 14 01 01 01 00 01 01 02 00 01 01 03 06 01 01 04 08 01 01 06 00 01 02 05 00 01 03 05 00 02 01 01 01 02 01 02 03 02 01 03 11 02 01 04 08 02 01 06 00 02 02 05 00 02 03 05 00 01 06 02 00 01 06 03 00 01 06 06 00 02 06 02 00 02 06 03 00 02 06 06 00]
00:59:18.804  KEYFN DIFF: dev=0x01/btn=0x01 act=0x02: 0x06 -> 0x00
00:59:24.365  KEYFN WRITE: dev=0x01 btn=0x01 act=0x02 -> 0x01 (full table, 20 entries)
00:59:24.369  TX[set key function]: AA 58 00 00 01 04 9E 51 00 14 01 01 01 00 01 01 02 01 01 01 03 06 01 01 04 08 01 01 06 00 01 02 05 00 01 03 05 00 02 01 01 01 02 01 02 03 02 01 03 11 02 01 04 08 02 01 06 00 02 02 05 00 02 03 05 00 01 06 02 00 01 06 03 00 01 06 06 00 02 06 02 00 02 06 03 00 02 06 06 00
00:59:24.418  RX: AA 08 00 00 01 84 9E 01 00 00
00:59:24.419  UNATTR RX: cmd=0x8401 len=1 head=[00] ancFlush=YES
00:59:24.968  TX[verify key function]: AA 07 00 00 08 01 9F 00 00
00:59:24.993  RX: AA 59 00 00 08 81 9F 52 00 00 14 01 01 01 00 01 01 02 01 01 01 03 06 01 01 04 08 01 01 06 00 01 02 05 00 01 03 05 00 02 01 01 01 02 01 02 03 02 01 03 11 02 01 04 08 02 01 06 00 02 02 05 00 02 03 05 00 01 06 02 00 01 06 03 00 01 06 06 00 02 06 02 00 02 06 03 00 02 06 06 00
00:59:24.998  KEYFN: getKeyFunction reply: status=0x00 count=20 parsed=20 dev=0x01/btn=0x01[01:00 02:01 03:06 04:08 06:00] dev=0x01/btn=0x02[05:00] dev=0x01/btn=0x03[05:00] dev=0x01/btn=0x06[02:00 03:00 06:00] dev=0x02/btn=0x01[01:01 02:03 03:11 04:08 06:00] dev=0x02/btn=0x02[05:00] dev=0x02/btn=0x03[05:00] dev=0x02/btn=0x06[02:00 03:00 06:00] RAW=[00 14 01 01 01 00 01 01 02 01 01 01 03 06 01 01 04 08 01 01 06 00 01 02 05 00 01 03 05 00 02 01 01 01 02 01 02 03 02 01 03 11 02 01 04 08 02 01 06 00 02 02 05 00 02 03 05 00 01 06 02 00 01 06 03 00 01 06 06 00 02 06 02 00 02 06 03 00 02 06 06 00]
00:59:25.001  KEYFN DIFF: dev=0x01/btn=0x01 act=0x02: 0x00 -> 0x01
00:59:25.594  RX: AA 0D 00 00 04 02 FF 06 00 F1 01 01 02 01 02
00:59:25.597  BTN EVT: L btn=0x01 double tap +0x01 ctx=0x02
00:59:31.123  RX: AA 0D 00 00 04 02 FF 06 00 F1 01 01 02 01 03
00:59:31.125  BTN EVT: L btn=0x01 double tap +0x01 ctx=0x03
00:59:32.780  KEYFN WRITE: dev=0x01 btn=0x01 act=0x02 -> 0x03 (full table, 20 entries)
00:59:32.782  TX[set key function]: AA 58 00 00 01 04 A0 51 00 14 01 01 01 00 01 01 02 03 01 01 03 06 01 01 04 08 01 01 06 00 01 02 05 00 01 03 05 00 02 01 01 01 02 01 02 03 02 01 03 11 02 01 04 08 02 01 06 00 02 02 05 00 02 03 05 00 01 06 02 00 01 06 03 00 01 06 06 00 02 06 02 00 02 06 03 00 02 06 06 00
00:59:32.814  RX: AA 08 00 00 01 84 A0 01 00 00
00:59:32.814  UNATTR RX: cmd=0x8401 len=1 head=[00] ancFlush=YES
00:59:33.383  TX[verify key function]: AA 07 00 00 08 01 A1 00 00
00:59:33.417  RX: AA 59 00 00 08 81 A1 52 00 00 14 01 01 01 00 01 01 02 03 01 01 03 06 01 01 04 08 01 01 06 00 01 02 05 00 01 03 05 00 02 01 01 01 02 01 02 03 02 01 03 11 02 01 04 08 02 01 06 00 02 02 05 00 02 03 05 00 01 06 02 00 01 06 03 00 01 06 06 00 02 06 02 00 02 06 03 00 02 06 06 00
00:59:33.420  KEYFN: getKeyFunction reply: status=0x00 count=20 parsed=20 dev=0x01/btn=0x01[01:00 02:03 03:06 04:08 06:00] dev=0x01/btn=0x02[05:00] dev=0x01/btn=0x03[05:00] dev=0x01/btn=0x06[02:00 03:00 06:00] dev=0x02/btn=0x01[01:01 02:03 03:11 04:08 06:00] dev=0x02/btn=0x02[05:00] dev=0x02/btn=0x03[05:00] dev=0x02/btn=0x06[02:00 03:00 06:00] RAW=[00 14 01 01 01 00 01 01 02 03 01 01 03 06 01 01 04 08 01 01 06 00 01 02 05 00 01 03 05 00 02 01 01 01 02 01 02 03 02 01 03 11 02 01 04 08 02 01 06 00 02 02 05 00 02 03 05 00 01 06 02 00 01 06 03 00 01 06 06 00 02 06 02 00 02 06 03 00 02 06 06 00]
00:59:33.423  KEYFN DIFF: dev=0x01/btn=0x01 act=0x02: 0x01 -> 0x03
00:59:34.159  RX: AA 0D 00 00 04 02 FF 06 00 F1 01 01 03 06 02
00:59:34.161  BTN EVT: L btn=0x01 triple tap +0x06 ctx=0x02
00:59:36.887  KEYFN WRITE: dev=0x01 btn=0x01 act=0x02 -> 0x11 (full table, 20 entries)
00:59:36.889  TX[set key function]: AA 58 00 00 01 04 A2 51 00 14 01 01 01 00 01 01 02 11 01 01 03 06 01 01 04 08 01 01 06 00 01 02 05 00 01 03 05 00 02 01 01 01 02 01 02 03 02 01 03 11 02 01 04 08 02 01 06 00 02 02 05 00 02 03 05 00 01 06 02 00 01 06 03 00 01 06 06 00 02 06 02 00 02 06 03 00 02 06 06 00
00:59:36.917  RX: AA 08 00 00 01 84 A2 01 00 00
00:59:36.918  UNATTR RX: cmd=0x8401 len=1 head=[00] ancFlush=YES
00:59:37.491  TX[verify key function]: AA 07 00 00 08 01 A3 00 00
00:59:37.555  RX: AA 59 00 00 08 81 A3 52 00 00 14 01 01 01 00 01 01 02 11 01 01 03 06 01 01 04 08 01 01 06 00 01 02 05 00 01 03 05 00 02 01 01 01 02 01 02 03 02 01 03 11 02 01 04 08 02 01 06 00 02 02 05 00 02 03 05 00 01 06 02 00 01 06 03 00 01 06 06 00 02 06 02 00 02 06 03 00 02 06 06 00
00:59:37.560  KEYFN: getKeyFunction reply: status=0x00 count=20 parsed=20 dev=0x01/btn=0x01[01:00 02:11 03:06 04:08 06:00] dev=0x01/btn=0x02[05:00] dev=0x01/btn=0x03[05:00] dev=0x01/btn=0x06[02:00 03:00 06:00] dev=0x02/btn=0x01[01:01 02:03 03:11 04:08 06:00] dev=0x02/btn=0x02[05:00] dev=0x02/btn=0x03[05:00] dev=0x02/btn=0x06[02:00 03:00 06:00] RAW=[00 14 01 01 01 00 01 01 02 11 01 01 03 06 01 01 04 08 01 01 06 00 01 02 05 00 01 03 05 00 02 01 01 01 02 01 02 03 02 01 03 11 02 01 04 08 02 01 06 00 02 02 05 00 02 03 05 00 01 06 02 00 01 06 03 00 01 06 06 00 02 06 02 00 02 06 03 00 02 06 06 00]
00:59:37.562  KEYFN DIFF: dev=0x01/btn=0x01 act=0x02: 0x03 -> 0x11
00:59:38.774  RX: AA 0D 00 00 04 02 FF 06 00 F1 01 01 02 11 02
00:59:38.775  BTN EVT: L btn=0x01 double tap +0x11 ctx=0x02
00:59:38.776  RX: AA 09 00 00 04 02 FF 02 00 05 01
00:59:38.778  GAME EVT: ON
00:59:40.201  TX[poll status]: AA 13 00 00 0D 01 00 0C 00 0B 05 04 0B 11 13 18 06 1B 1C 27 28
00:59:40.217  RX: AA 17 00 00 0D 81 00 10 00 00 07 05 01 04 00 0B 01 11 01 18 01 06 01 1B 00
00:59:40.711  TX[poll status]: AA 13 00 00 0D 01 00 0C 00 0B 05 04 0B 11 13 18 06 1B 1C 27 28
00:59:40.735  RX: AA 17 00 00 0D 81 00 10 00 00 07 05 01 04 00 0B 01 11 01 18 01 06 01 1B 00
00:59:41.507  TX[poll status]: AA 13 00 00 0D 01 00 0C 00 0B 05 04 0B 11 13 18 06 1B 1C 27 28
00:59:41.539  RX: AA 17 00 00 0D 81 00 10 00 00 07 05 01 04 00 0B 01 11 01 18 01 06 01 1B 00
00:59:42.212  RX: AA 0D 00 00 04 02 FF 06 00 F1 01 01 02 11 02
00:59:42.214  BTN EVT: L btn=0x01 double tap +0x11 ctx=0x02
00:59:42.216  RX: AA 09 00 00 04 02 FF 02 00 05 00
00:59:42.217  GAME EVT: OFF
00:59:44.450  KEYFN WRITE: dev=0x01 btn=0x01 act=0x02 -> 0x00 (full table, 20 entries)
00:59:44.454  TX[set key function]: AA 58 00 00 01 04 A4 51 00 14 01 01 01 00 01 01 02 00 01 01 03 06 01 01 04 08 01 01 06 00 01 02 05 00 01 03 05 00 02 01 01 01 02 01 02 03 02 01 03 11 02 01 04 08 02 01 06 00 02 02 05 00 02 03 05 00 01 06 02 00 01 06 03 00 01 06 06 00 02 06 02 00 02 06 03 00 02 06 06 00
00:59:44.472  RX: AA 08 00 00 01 84 A4 01 00 00
00:59:44.472  UNATTR RX: cmd=0x8401 len=1 head=[00] ancFlush=YES
00:59:44.986  TX[poll status]: AA 13 00 00 0D 01 00 0C 00 0B 05 04 0B 11 13 18 06 1B 1C 27 28
00:59:45.015  RX: AA 17 00 00 0D 81 00 10 00 00 07 05 01 04 00 0B 01 11 01 18 01 06 00 1B 00
00:59:45.053  TX[verify key function]: AA 07 00 00 08 01 A5 00 00
00:59:45.087  RX: AA 59 00 00 08 81 A5 52 00 00 14 01 01 01 00 01 01 02 00 01 01 03 06 01 01 04 08 01 01 06 00 01 02 05 00 01 03 05 00 02 01 01 01 02 01 02 03 02 01 03 11 02 01 04 08 02 01 06 00 02 02 05 00 02 03 05 00 01 06 02 00 01 06 03 00 01 06 06 00 02 06 02 00 02 06 03 00 02 06 06 00
00:59:45.088  KEYFN: getKeyFunction reply: status=0x00 count=20 parsed=20 dev=0x01/btn=0x01[01:00 02:00 03:06 04:08 06:00] dev=0x01/btn=0x02[05:00] dev=0x01/btn=0x03[05:00] dev=0x01/btn=0x06[02:00 03:00 06:00] dev=0x02/btn=0x01[01:01 02:03 03:11 04:08 06:00] dev=0x02/btn=0x02[05:00] dev=0x02/btn=0x03[05:00] dev=0x02/btn=0x06[02:00 03:00 06:00] RAW=[00 14 01 01 01 00 01 01 02 00 01 01 03 06 01 01 04 08 01 01 06 00 01 02 05 00 01 03 05 00 02 01 01 01 02 01 02 03 02 01 03 11 02 01 04 08 02 01 06 00 02 02 05 00 02 03 05 00 01 06 02 00 01 06 03 00 01 06 06 00 02 06 02 00 02 06 03 00 02 06 06 00]
00:59:45.089  KEYFN DIFF: dev=0x01/btn=0x01 act=0x02: 0x11 -> 0x00
00:59:46.530  KEYFN WRITE: dev=0x01 btn=0x01 act=0x03 -> 0x05 (full table, 20 entries)
00:59:46.532  TX[set key function]: AA 58 00 00 01 04 A6 51 00 14 01 01 01 00 01 01 02 00 01 01 03 05 01 01 04 08 01 01 06 00 01 02 05 00 01 03 05 00 02 01 01 01 02 01 02 03 02 01 03 11 02 01 04 08 02 01 06 00 02 02 05 00 02 03 05 00 01 06 02 00 01 06 03 00 01 06 06 00 02 06 02 00 02 06 03 00 02 06 06 00
00:59:46.558  RX: AA 08 00 00 01 84 A6 01 00 00
00:59:46.558  UNATTR RX: cmd=0x8401 len=1 head=[00] ancFlush=YES
00:59:47.133  TX[verify key function]: AA 07 00 00 08 01 A7 00 00
00:59:47.151  RX: AA 59 00 00 08 81 A7 52 00 00 14 01 01 01 00 01 01 02 00 01 01 03 05 01 01 04 08 01 01 06 00 01 02 05 00 01 03 05 00 02 01 01 01 02 01 02 03 02 01 03 11 02 01 04 08 02 01 06 00 02 02 05 00 02 03 05 00 01 06 02 00 01 06 03 00 01 06 06 00 02 06 02 00 02 06 03 00 02 06 06 00
00:59:47.155  KEYFN: getKeyFunction reply: status=0x00 count=20 parsed=20 dev=0x01/btn=0x01[01:00 02:00 03:05 04:08 06:00] dev=0x01/btn=0x02[05:00] dev=0x01/btn=0x03[05:00] dev=0x01/btn=0x06[02:00 03:00 06:00] dev=0x02/btn=0x01[01:01 02:03 03:11 04:08 06:00] dev=0x02/btn=0x02[05:00] dev=0x02/btn=0x03[05:00] dev=0x02/btn=0x06[02:00 03:00 06:00] RAW=[00 14 01 01 01 00 01 01 02 00 01 01 03 05 01 01 04 08 01 01 06 00 01 02 05 00 01 03 05 00 02 01 01 01 02 01 02 03 02 01 03 11 02 01 04 08 02 01 06 00 02 02 05 00 02 03 05 00 01 06 02 00 01 06 03 00 01 06 06 00 02 06 02 00 02 06 03 00 02 06 06 00]
00:59:47.158  KEYFN DIFF: dev=0x01/btn=0x01 act=0x03: 0x06 -> 0x05
00:59:47.865  RX: AA 0D 00 00 04 02 FF 06 00 F1 01 01 03 05 02
00:59:47.868  BTN EVT: L btn=0x01 triple tap +0x05 ctx=0x02
00:59:49.655  KEYFN WRITE: dev=0x01 btn=0x01 act=0x03 -> 0x06 (full table, 20 entries)
00:59:49.657  TX[set key function]: AA 58 00 00 01 04 A8 51 00 14 01 01 01 00 01 01 02 00 01 01 03 06 01 01 04 08 01 01 06 00 01 02 05 00 01 03 05 00 02 01 01 01 02 01 02 03 02 01 03 11 02 01 04 08 02 01 06 00 02 02 05 00 02 03 05 00 01 06 02 00 01 06 03 00 01 06 06 00 02 06 02 00 02 06 03 00 02 06 06 00
00:59:49.692  RX: AA 08 00 00 01 84 A8 01 00 00
00:59:49.694  UNATTR RX: cmd=0x8401 len=1 head=[00] ancFlush=YES
00:59:50.257  TX[verify key function]: AA 07 00 00 08 01 A9 00 00
00:59:50.289  RX: AA 59 00 00 08 81 A9 52 00 00 14 01 01 01 00 01 01 02 00 01 01 03 06 01 01 04 08 01 01 06 00 01 02 05 00 01 03 05 00 02 01 01 01 02 01 02 03 02 01 03 11 02 01 04 08 02 01 06 00 02 02 05 00 02 03 05 00 01 06 02 00 01 06 03 00 01 06 06 00 02 06 02 00 02 06 03 00 02 06 06 00
00:59:50.293  KEYFN: getKeyFunction reply: status=0x00 count=20 parsed=20 dev=0x01/btn=0x01[01:00 02:00 03:06 04:08 06:00] dev=0x01/btn=0x02[05:00] dev=0x01/btn=0x03[05:00] dev=0x01/btn=0x06[02:00 03:00 06:00] dev=0x02/btn=0x01[01:01 02:03 03:11 04:08 06:00] dev=0x02/btn=0x02[05:00] dev=0x02/btn=0x03[05:00] dev=0x02/btn=0x06[02:00 03:00 06:00] RAW=[00 14 01 01 01 00 01 01 02 00 01 01 03 06 01 01 04 08 01 01 06 00 01 02 05 00 01 03 05 00 02 01 01 01 02 01 02 03 02 01 03 11 02 01 04 08 02 01 06 00 02 02 05 00 02 03 05 00 01 06 02 00 01 06 03 00 01 06 06 00 02 06 02 00 02 06 03 00 02 06 06 00]
00:59:50.296  KEYFN DIFF: dev=0x01/btn=0x01 act=0x03: 0x05 -> 0x06
00:59:50.480  RX: AA 0D 00 00 04 02 FF 06 00 F1 01 01 03 06 02
00:59:50.482  BTN EVT: L btn=0x01 triple tap +0x06 ctx=0x02
00:59:55.655  KEYFN WRITE: dev=0x01 btn=0x01 act=0x03 -> 0x03 (full table, 20 entries)
00:59:55.657  TX[set key function]: AA 58 00 00 01 04 AA 51 00 14 01 01 01 00 01 01 02 00 01 01 03 03 01 01 04 08 01 01 06 00 01 02 05 00 01 03 05 00 02 01 01 01 02 01 02 03 02 01 03 11 02 01 04 08 02 01 06 00 02 02 05 00 02 03 05 00 01 06 02 00 01 06 03 00 01 06 06 00 02 06 02 00 02 06 03 00 02 06 06 00
00:59:55.690  RX: AA 08 00 00 01 84 AA 01 00 00
00:59:55.691  UNATTR RX: cmd=0x8401 len=1 head=[00] ancFlush=YES
00:59:56.257  TX[verify key function]: AA 07 00 00 08 01 AB 00 00
00:59:56.286  RX: AA 59 00 00 08 81 AB 52 00 00 14 01 01 01 00 01 01 02 00 01 01 03 03 01 01 04 08 01 01 06 00 01 02 05 00 01 03 05 00 02 01 01 01 02 01 02 03 02 01 03 11 02 01 04 08 02 01 06 00 02 02 05 00 02 03 05 00 01 06 02 00 01 06 03 00 01 06 06 00 02 06 02 00 02 06 03 00 02 06 06 00
00:59:56.288  KEYFN: getKeyFunction reply: status=0x00 count=20 parsed=20 dev=0x01/btn=0x01[01:00 02:00 03:03 04:08 06:00] dev=0x01/btn=0x02[05:00] dev=0x01/btn=0x03[05:00] dev=0x01/btn=0x06[02:00 03:00 06:00] dev=0x02/btn=0x01[01:01 02:03 03:11 04:08 06:00] dev=0x02/btn=0x02[05:00] dev=0x02/btn=0x03[05:00] dev=0x02/btn=0x06[02:00 03:00 06:00] RAW=[00 14 01 01 01 00 01 01 02 00 01 01 03 03 01 01 04 08 01 01 06 00 01 02 05 00 01 03 05 00 02 01 01 01 02 01 02 03 02 01 03 11 02 01 04 08 02 01 06 00 02 02 05 00 02 03 05 00 01 06 02 00 01 06 03 00 01 06 06 00 02 06 02 00 02 06 03 00 02 06 06 00]
00:59:56.290  KEYFN DIFF: dev=0x01/btn=0x01 act=0x03: 0x06 -> 0x03
00:59:56.689  TX[poll status]: AA 13 00 00 0D 01 00 0C 00 0B 05 04 0B 11 13 18 06 1B 1C 27 28
00:59:56.733  RX: AA 17 00 00 0D 81 00 10 00 00 07 05 01 04 00 0B 01 11 01 18 01 06 00 1B 00
00:59:56.786  RX: AA 0D 00 00 04 02 FF 06 00 F1 01 01 03 03 02
00:59:56.788  BTN EVT: L btn=0x01 triple tap +0x03 ctx=0x02
00:59:57.206  TX[poll status]: AA 13 00 00 0D 01 00 0C 00 0B 05 04 0B 11 13 18 06 1B 1C 27 28
00:59:57.253  RX: AA 17 00 00 0D 81 00 10 00 00 07 05 01 04 00 0B 01 11 01 18 01 06 00 1B 00
00:59:58.161  TX[poll status]: AA 13 00 00 0D 01 00 0C 00 0B 05 04 0B 11 13 18 06 1B 1C 27 28
00:59:58.178  RX: AA 17 00 00 0D 81 00 10 00 00 07 05 01 04 00 0B 01 11 01 18 01 06 00 1B 00
01:00:00.110  KEYFN WRITE: dev=0x01 btn=0x01 act=0x03 -> 0x11 (full table, 20 entries)
01:00:00.112  TX[set key function]: AA 58 00 00 01 04 AC 51 00 14 01 01 01 00 01 01 02 00 01 01 03 11 01 01 04 08 01 01 06 00 01 02 05 00 01 03 05 00 02 01 01 01 02 01 02 03 02 01 03 11 02 01 04 08 02 01 06 00 02 02 05 00 02 03 05 00 01 06 02 00 01 06 03 00 01 06 06 00 02 06 02 00 02 06 03 00 02 06 06 00
01:00:00.145  RX: AA 08 00 00 01 84 AC 01 00 00
01:00:00.145  UNATTR RX: cmd=0x8401 len=1 head=[00] ancFlush=YES
01:00:00.713  TX[verify key function]: AA 07 00 00 08 01 AD 00 00
01:00:00.734  RX: AA 59 00 00 08 81 AD 52 00 00 14 01 01 01 00 01 01 02 00 01 01 03 11 01 01 04 08 01 01 06 00 01 02 05 00 01 03 05 00 02 01 01 01 02 01 02 03 02 01 03 11 02 01 04 08 02 01 06 00 02 02 05 00 02 03 05 00 01 06 02 00 01 06 03 00 01 06 06 00 02 06 02 00 02 06 03 00 02 06 06 00
01:00:00.736  KEYFN: getKeyFunction reply: status=0x00 count=20 parsed=20 dev=0x01/btn=0x01[01:00 02:00 03:11 04:08 06:00] dev=0x01/btn=0x02[05:00] dev=0x01/btn=0x03[05:00] dev=0x01/btn=0x06[02:00 03:00 06:00] dev=0x02/btn=0x01[01:01 02:03 03:11 04:08 06:00] dev=0x02/btn=0x02[05:00] dev=0x02/btn=0x03[05:00] dev=0x02/btn=0x06[02:00 03:00 06:00] RAW=[00 14 01 01 01 00 01 01 02 00 01 01 03 11 01 01 04 08 01 01 06 00 01 02 05 00 01 03 05 00 02 01 01 01 02 01 02 03 02 01 03 11 02 01 04 08 02 01 06 00 02 02 05 00 02 03 05 00 01 06 02 00 01 06 03 00 01 06 06 00 02 06 02 00 02 06 03 00 02 06 06 00]
01:00:00.738  KEYFN DIFF: dev=0x01/btn=0x01 act=0x03: 0x03 -> 0x11
01:00:01.188  RX: AA 0D 00 00 04 02 FF 06 00 F1 01 01 03 11 02
01:00:01.192  BTN EVT: L btn=0x01 triple tap +0x11 ctx=0x02
01:00:01.194  RX: AA 09 00 00 04 02 FF 02 00 05 01
01:00:01.195  GAME EVT: ON
01:00:04.244  RX: AA 0D 00 00 04 02 FF 06 00 F1 01 01 03 11 02
01:00:04.245  BTN EVT: L btn=0x01 triple tap +0x11 ctx=0x02
01:00:04.248  RX: AA 09 00 00 04 02 FF 02 00 05 00
01:00:04.249  GAME EVT: OFF
01:00:08.593  KEYFN WRITE: dev=0x01 btn=0x01 act=0x05 -> 0x00 (full table, 20 entries)
01:00:08.595  TX[set key function]: AA 58 00 00 01 04 AE 51 00 14 01 01 01 00 01 01 02 00 01 01 03 11 01 01 04 08 01 01 06 00 01 02 05 00 01 03 05 00 02 01 01 01 02 01 02 03 02 01 03 11 02 01 04 08 02 01 06 00 02 02 05 00 02 03 05 00 01 06 02 00 01 06 03 00 01 06 06 00 02 06 02 00 02 06 03 00 02 06 06 00
01:00:08.622  RX: AA 08 00 00 01 84 AE 01 00 00
01:00:08.623  UNATTR RX: cmd=0x8401 len=1 head=[00] ancFlush=YES
01:00:09.197  TX[verify key function]: AA 07 00 00 08 01 AF 00 00
01:00:09.213  RX: AA 59 00 00 08 81 AF 52 00 00 14 01 01 01 00 01 01 02 00 01 01 03 11 01 01 04 08 01 01 06 00 01 02 05 00 01 03 05 00 02 01 01 01 02 01 02 03 02 01 03 11 02 01 04 08 02 01 06 00 02 02 05 00 02 03 05 00 01 06 02 00 01 06 03 00 01 06 06 00 02 06 02 00 02 06 03 00 02 06 06 00
01:00:09.214  KEYFN: getKeyFunction reply: status=0x00 count=20 parsed=20 dev=0x01/btn=0x01[01:00 02:00 03:11 04:08 06:00] dev=0x01/btn=0x02[05:00] dev=0x01/btn=0x03[05:00] dev=0x01/btn=0x06[02:00 03:00 06:00] dev=0x02/btn=0x01[01:01 02:03 03:11 04:08 06:00] dev=0x02/btn=0x02[05:00] dev=0x02/btn=0x03[05:00] dev=0x02/btn=0x06[02:00 03:00 06:00] RAW=[00 14 01 01 01 00 01 01 02 00 01 01 03 11 01 01 04 08 01 01 06 00 01 02 05 00 01 03 05 00 02 01 01 01 02 01 02 03 02 01 03 11 02 01 04 08 02 01 06 00 02 02 05 00 02 03 05 00 01 06 02 00 01 06 03 00 01 06 06 00 02 06 02 00 02 06 03 00 02 06 06 00]
01:00:09.216  KEYFN DIFF: NO CHANGE (20 slots identical)
01:00:10.411  TX[poll status]: AA 13 00 00 0D 01 00 0C 00 0B 05 04 0B 11 13 18 06 1B 1C 27 28
01:00:10.439  RX: AA 17 00 00 0D 81 00 10 00 00 07 05 01 04 00 0B 01 11 01 18 01 06 00 1B 00
01:00:12.712  TX[poll status]: AA 13 00 00 0D 01 00 0C 00 0B 05 04 0B 11 13 18 06 1B 1C 27 28
01:00:12.735  RX: AA 17 00 00 0D 81 00 10 00 00 07 05 01 04 00 0B 01 11 01 18 01 06 00 1B 00
01:00:13.683  KEYFN WRITE: dev=0x01 btn=0x01 act=0x05 -> 0x07 (full table, 20 entries)
01:00:13.686  TX[set key function]: AA 58 00 00 01 04 B0 51 00 14 01 01 01 00 01 01 02 00 01 01 03 11 01 01 04 08 01 01 06 00 01 02 05 00 01 03 05 00 02 01 01 01 02 01 02 03 02 01 03 11 02 01 04 08 02 01 06 00 02 02 05 00 02 03 05 00 01 06 02 00 01 06 03 00 01 06 06 00 02 06 02 00 02 06 03 00 02 06 06 00
01:00:13.716  RX: AA 08 00 00 01 84 B0 01 00 00
01:00:13.716  UNATTR RX: cmd=0x8401 len=1 head=[00] ancFlush=YES
01:00:14.290  TX[verify key function]: AA 07 00 00 08 01 B1 00 00
01:00:14.326  RX: AA 59 00 00 08 81 B1 52 00 00 14 01 01 01 00 01 01 02 00 01 01 03 11 01 01 04 08 01 01 06 00 01 02 05 00 01 03 05 00 02 01 01 01 02 01 02 03 02 01 03 11 02 01 04 08 02 01 06 00 02 02 05 00 02 03 05 00 01 06 02 00 01 06 03 00 01 06 06 00 02 06 02 00 02 06 03 00 02 06 06 00
01:00:14.330  KEYFN: getKeyFunction reply: status=0x00 count=20 parsed=20 dev=0x01/btn=0x01[01:00 02:00 03:11 04:08 06:00] dev=0x01/btn=0x02[05:00] dev=0x01/btn=0x03[05:00] dev=0x01/btn=0x06[02:00 03:00 06:00] dev=0x02/btn=0x01[01:01 02:03 03:11 04:08 06:00] dev=0x02/btn=0x02[05:00] dev=0x02/btn=0x03[05:00] dev=0x02/btn=0x06[02:00 03:00 06:00] RAW=[00 14 01 01 01 00 01 01 02 00 01 01 03 11 01 01 04 08 01 01 06 00 01 02 05 00 01 03 05 00 02 01 01 01 02 01 02 03 02 01 03 11 02 01 04 08 02 01 06 00 02 02 05 00 02 03 05 00 01 06 02 00 01 06 03 00 01 06 06 00 02 06 02 00 02 06 03 00 02 06 06 00]
01:00:14.333  KEYFN DIFF: NO CHANGE (20 slots identical)
01:00:18.823  KEYFN WRITE: dev=0x01 btn=0x01 act=0x05 -> 0x0A (full table, 20 entries)
01:00:18.827  TX[set key function]: AA 58 00 00 01 04 B2 51 00 14 01 01 01 00 01 01 02 00 01 01 03 11 01 01 04 08 01 01 06 00 01 02 05 00 01 03 05 00 02 01 01 01 02 01 02 03 02 01 03 11 02 01 04 08 02 01 06 00 02 02 05 00 02 03 05 00 01 06 02 00 01 06 03 00 01 06 06 00 02 06 02 00 02 06 03 00 02 06 06 00
01:00:18.863  RX: AA 08 00 00 01 84 B2 01 00 00
01:00:18.864  UNATTR RX: cmd=0x8401 len=1 head=[00] ancFlush=YES
01:00:19.426  TX[verify key function]: AA 07 00 00 08 01 B3 00 00
01:00:19.452  RX: AA 59 00 00 08 81 B3 52 00 00 14 01 01 01 00 01 01 02 00 01 01 03 11 01 01 04 08 01 01 06 00 01 02 05 00 01 03 05 00 02 01 01 01 02 01 02 03 02 01 03 11 02 01 04 08 02 01 06 00 02 02 05 00 02 03 05 00 01 06 02 00 01 06 03 00 01 06 06 00 02 06 02 00 02 06 03 00 02 06 06 00
01:00:19.455  KEYFN: getKeyFunction reply: status=0x00 count=20 parsed=20 dev=0x01/btn=0x01[01:00 02:00 03:11 04:08 06:00] dev=0x01/btn=0x02[05:00] dev=0x01/btn=0x03[05:00] dev=0x01/btn=0x06[02:00 03:00 06:00] dev=0x02/btn=0x01[01:01 02:03 03:11 04:08 06:00] dev=0x02/btn=0x02[05:00] dev=0x02/btn=0x03[05:00] dev=0x02/btn=0x06[02:00 03:00 06:00] RAW=[00 14 01 01 01 00 01 01 02 00 01 01 03 11 01 01 04 08 01 01 06 00 01 02 05 00 01 03 05 00 02 01 01 01 02 01 02 03 02 01 03 11 02 01 04 08 02 01 06 00 02 02 05 00 02 03 05 00 01 06 02 00 01 06 03 00 01 06 06 00 02 06 02 00 02 06 03 00 02 06 06 00]
01:00:19.457  KEYFN DIFF: NO CHANGE (20 slots identical)
01:00:26.844  KEYFN WRITE: dev=0x01 btn=0x01 act=0x05 -> 0x07 (full table, 20 entries)
01:00:26.847  TX[set key function]: AA 58 00 00 01 04 B4 51 00 14 01 01 01 00 01 01 02 00 01 01 03 11 01 01 04 08 01 01 06 00 01 02 05 00 01 03 05 00 02 01 01 01 02 01 02 03 02 01 03 11 02 01 04 08 02 01 06 00 02 02 05 00 02 03 05 00 01 06 02 00 01 06 03 00 01 06 06 00 02 06 02 00 02 06 03 00 02 06 06 00
01:00:26.888  RX: AA 08 00 00 01 84 B4 01 00 00
01:00:26.889  UNATTR RX: cmd=0x8401 len=1 head=[00] ancFlush=YES
01:00:27.448  TX[verify key function]: AA 07 00 00 08 01 B5 00 00
01:00:27.501  RX: AA 59 00 00 08 81 B5 52 00 00 14 01 01 01 00 01 01 02 00 01 01 03 11 01 01 04 08 01 01 06 00 01 02 05 00 01 03 05 00 02 01 01 01 02 01 02 03 02 01 03 11 02 01 04 08 02 01 06 00 02 02 05 00 02 03 05 00 01 06 02 00 01 06 03 00 01 06 06 00 02 06 02 00 02 06 03 00 02 06 06 00
01:00:27.505  KEYFN: getKeyFunction reply: status=0x00 count=20 parsed=20 dev=0x01/btn=0x01[01:00 02:00 03:11 04:08 06:00] dev=0x01/btn=0x02[05:00] dev=0x01/btn=0x03[05:00] dev=0x01/btn=0x06[02:00 03:00 06:00] dev=0x02/btn=0x01[01:01 02:03 03:11 04:08 06:00] dev=0x02/btn=0x02[05:00] dev=0x02/btn=0x03[05:00] dev=0x02/btn=0x06[02:00 03:00 06:00] RAW=[00 14 01 01 01 00 01 01 02 00 01 01 03 11 01 01 04 08 01 01 06 00 01 02 05 00 01 03 05 00 02 01 01 01 02 01 02 03 02 01 03 11 02 01 04 08 02 01 06 00 02 02 05 00 02 03 05 00 01 06 02 00 01 06 03 00 01 06 06 00 02 06 02 00 02 06 03 00 02 06 06 00]
01:00:27.509  KEYFN DIFF: NO CHANGE (20 slots identical)
01:00:35.095  KEYFN WRITE: dev=0x02 btn=0x01 act=0x04 -> 0x00 (full table, 20 entries)
01:00:35.103  TX[set key function]: AA 58 00 00 01 04 B6 51 00 14 01 01 01 00 01 01 02 00 01 01 03 11 01 01 04 08 01 01 06 00 01 02 05 00 01 03 05 00 02 01 01 01 02 01 02 03 02 01 03 11 02 01 04 00 02 01 06 00 02 02 05 00 02 03 05 00 01 06 02 00 01 06 03 00 01 06 06 00 02 06 02 00 02 06 03 00 02 06 06 00
01:00:35.140  RX: AA 08 00 00 01 84 B6 01 00 00
01:00:35.141  UNATTR RX: cmd=0x8401 len=1 head=[00] ancFlush=YES
01:00:35.701  TX[verify key function]: AA 07 00 00 08 01 B7 00 00
01:00:35.727  RX: AA 59 00 00 08 81 B7 52 00 00 14 01 01 01 00 01 01 02 00 01 01 03 11 01 01 04 08 01 01 06 00 01 02 05 00 01 03 05 00 02 01 01 01 02 01 02 03 02 01 03 11 02 01 04 00 02 01 06 00 02 02 05 00 02 03 05 00 01 06 02 00 01 06 03 00 01 06 06 00 02 06 02 00 02 06 03 00 02 06 06 00
01:00:35.731  KEYFN: getKeyFunction reply: status=0x00 count=20 parsed=20 dev=0x01/btn=0x01[01:00 02:00 03:11 04:08 06:00] dev=0x01/btn=0x02[05:00] dev=0x01/btn=0x03[05:00] dev=0x01/btn=0x06[02:00 03:00 06:00] dev=0x02/btn=0x01[01:01 02:03 03:11 04:00 06:00] dev=0x02/btn=0x02[05:00] dev=0x02/btn=0x03[05:00] dev=0x02/btn=0x06[02:00 03:00 06:00] RAW=[00 14 01 01 01 00 01 01 02 00 01 01 03 11 01 01 04 08 01 01 06 00 01 02 05 00 01 03 05 00 02 01 01 01 02 01 02 03 02 01 03 11 02 01 04 00 02 01 06 00 02 02 05 00 02 03 05 00 01 06 02 00 01 06 03 00 01 06 06 00 02 06 02 00 02 06 03 00 02 06 06 00]
01:00:35.739  KEYFN DIFF: dev=0x02/btn=0x01 act=0x04: 0x08 -> 0x00
01:00:36.789  KEYFN WRITE: dev=0x02 btn=0x01 act=0x05 -> 0x07 (full table, 20 entries)
01:00:36.792  TX[set key function]: AA 58 00 00 01 04 B8 51 00 14 01 01 01 00 01 01 02 00 01 01 03 11 01 01 04 08 01 01 06 00 01 02 05 00 01 03 05 00 02 01 01 01 02 01 02 03 02 01 03 11 02 01 04 00 02 01 06 00 02 02 05 00 02 03 05 00 01 06 02 00 01 06 03 00 01 06 06 00 02 06 02 00 02 06 03 00 02 06 06 00
01:00:36.852  RX: AA 08 00 00 01 84 B8 01 00 00
01:00:36.854  UNATTR RX: cmd=0x8401 len=1 head=[00] ancFlush=YES
01:00:37.392  TX[verify key function]: AA 07 00 00 08 01 B9 00 00
01:00:37.418  RX: AA 59 00 00 08 81 B9 52 00 00 14 01 01 01 00 01 01 02 00 01 01 03 11 01 01 04 08 01 01 06 00 01 02 05 00 01 03 05 00 02 01 01 01 02 01 02 03 02 01 03 11 02 01 04 00 02 01 06 00 02 02 05 00 02 03 05 00 01 06 02 00 01 06 03 00 01 06 06 00 02 06 02 00 02 06 03 00 02 06 06 00
01:00:37.421  KEYFN: getKeyFunction reply: status=0x00 count=20 parsed=20 dev=0x01/btn=0x01[01:00 02:00 03:11 04:08 06:00] dev=0x01/btn=0x02[05:00] dev=0x01/btn=0x03[05:00] dev=0x01/btn=0x06[02:00 03:00 06:00] dev=0x02/btn=0x01[01:01 02:03 03:11 04:00 06:00] dev=0x02/btn=0x02[05:00] dev=0x02/btn=0x03[05:00] dev=0x02/btn=0x06[02:00 03:00 06:00] RAW=[00 14 01 01 01 00 01 01 02 00 01 01 03 11 01 01 04 08 01 01 06 00 01 02 05 00 01 03 05 00 02 01 01 01 02 01 02 03 02 01 03 11 02 01 04 00 02 01 06 00 02 02 05 00 02 03 05 00 01 06 02 00 01 06 03 00 01 06 06 00 02 06 02 00 02 06 03 00 02 06 06 00]
01:00:37.424  KEYFN DIFF: NO CHANGE (20 slots identical)
01:00:40.202  TX[poll status]: AA 13 00 00 0D 01 00 0C 00 0B 05 04 0B 11 13 18 06 1B 1C 27 28
01:00:40.220  RX: AA 17 00 00 0D 81 00 10 00 00 07 05 01 04 00 0B 01 11 01 18 01 06 00 1B 00
01:00:40.712  TX[poll status]: AA 13 00 00 0D 01 00 0C 00 0B 05 04 0B 11 13 18 06 1B 1C 27 28
01:00:40.748  RX: AA 17 00 00 0D 81 00 10 00 00 07 05 01 04 00 0B 01 11 01 18 01 06 00 1B 00
01:00:41.508  TX[poll status]: AA 13 00 00 0D 01 00 0C 00 0B 05 04 0B 11 13 18 06 1B 1C 27 28
01:00:41.564  RX: AA 17 00 00 0D 81 00 10 00 00 07 05 01 04 00 0B 01 11 01 18 01 06 00 1B 00
01:00:43.360  KEYFN WRITE: dev=0x02 btn=0x01 act=0x05 -> 0x0A (full table, 20 entries)
01:00:43.364  TX[set key function]: AA 58 00 00 01 04 BA 51 00 14 01 01 01 00 01 01 02 00 01 01 03 11 01 01 04 08 01 01 06 00 01 02 05 00 01 03 05 00 02 01 01 01 02 01 02 03 02 01 03 11 02 01 04 00 02 01 06 00 02 02 05 00 02 03 05 00 01 06 02 00 01 06 03 00 01 06 06 00 02 06 02 00 02 06 03 00 02 06 06 00
01:00:43.418  RX: AA 08 00 00 01 84 BA 01 00 00
01:00:43.419  UNATTR RX: cmd=0x8401 len=1 head=[00] ancFlush=YES
01:00:43.964  TX[verify key function]: AA 07 00 00 08 01 BB 00 00
01:00:44.020  RX: AA 59 00 00 08 81 BB 52 00 00 14 01 01 01 00 01 01 02 00 01 01 03 11 01 01 04 08 01 01 06 00 01 02 05 00 01 03 05 00 02 01 01 01 02 01 02 03 02 01 03 11 02 01 04 00 02 01 06 00 02 02 05 00 02 03 05 00 01 06 02 00 01 06 03 00 01 06 06 00 02 06 02 00 02 06 03 00 02 06 06 00
01:00:44.022  KEYFN: getKeyFunction reply: status=0x00 count=20 parsed=20 dev=0x01/btn=0x01[01:00 02:00 03:11 04:08 06:00] dev=0x01/btn=0x02[05:00] dev=0x01/btn=0x03[05:00] dev=0x01/btn=0x06[02:00 03:00 06:00] dev=0x02/btn=0x01[01:01 02:03 03:11 04:00 06:00] dev=0x02/btn=0x02[05:00] dev=0x02/btn=0x03[05:00] dev=0x02/btn=0x06[02:00 03:00 06:00] RAW=[00 14 01 01 01 00 01 01 02 00 01 01 03 11 01 01 04 08 01 01 06 00 01 02 05 00 01 03 05 00 02 01 01 01 02 01 02 03 02 01 03 11 02 01 04 00 02 01 06 00 02 02 05 00 02 03 05 00 01 06 02 00 01 06 03 00 01 06 06 00 02 06 02 00 02 06 03 00 02 06 06 00]
01:00:44.025  KEYFN DIFF: NO CHANGE (20 slots identical)
01:00:44.987  TX[poll status]: AA 13 00 00 0D 01 00 0C 00 0B 05 04 0B 11 13 18 06 1B 1C 27 28
01:00:45.021  RX: AA 17 00 00 0D 81 00 10 00 00 07 05 01 04 00 0B 01 11 01 18 01 06 00 1B 00
01:00:48.665  KEYFN WRITE: dev=0x02 btn=0x01 act=0x05 -> 0x00 (full table, 20 entries)
01:00:48.674  TX[set key function]: AA 58 00 00 01 04 BC 51 00 14 01 01 01 00 01 01 02 00 01 01 03 11 01 01 04 08 01 01 06 00 01 02 05 00 01 03 05 00 02 01 01 01 02 01 02 03 02 01 03 11 02 01 04 00 02 01 06 00 02 02 05 00 02 03 05 00 01 06 02 00 01 06 03 00 01 06 06 00 02 06 02 00 02 06 03 00 02 06 06 00
01:00:48.721  RX: AA 08 00 00 01 84 BC 01 00 00
01:00:48.723  UNATTR RX: cmd=0x8401 len=1 head=[00] ancFlush=YES
01:00:49.274  TX[verify key function]: AA 07 00 00 08 01 BD 00 00
01:00:49.300  RX: AA 59 00 00 08 81 BD 52 00 00 14 01 01 01 00 01 01 02 00 01 01 03 11 01 01 04 08 01 01 06 00 01 02 05 00 01 03 05 00 02 01 01 01 02 01 02 03 02 01 03 11 02 01 04 00 02 01 06 00 02 02 05 00 02 03 05 00 01 06 02 00 01 06 03 00 01 06 06 00 02 06 02 00 02 06 03 00 02 06 06 00
01:00:49.304  KEYFN: getKeyFunction reply: status=0x00 count=20 parsed=20 dev=0x01/btn=0x01[01:00 02:00 03:11 04:08 06:00] dev=0x01/btn=0x02[05:00] dev=0x01/btn=0x03[05:00] dev=0x01/btn=0x06[02:00 03:00 06:00] dev=0x02/btn=0x01[01:01 02:03 03:11 04:00 06:00] dev=0x02/btn=0x02[05:00] dev=0x02/btn=0x03[05:00] dev=0x02/btn=0x06[02:00 03:00 06:00] RAW=[00 14 01 01 01 00 01 01 02 00 01 01 03 11 01 01 04 08 01 01 06 00 01 02 05 00 01 03 05 00 02 01 01 01 02 01 02 03 02 01 03 11 02 01 04 00 02 01 06 00 02 02 05 00 02 03 05 00 01 06 02 00 01 06 03 00 01 06 06 00 02 06 02 00 02 06 03 00 02 06 06 00]
01:00:49.308  KEYFN DIFF: NO CHANGE (20 slots identical)
01:00:52.307  KEYFN WRITE: dev=0x02 btn=0x01 act=0x04 -> 0x08 (full table, 20 entries)
01:00:52.309  TX[set key function]: AA 58 00 00 01 04 BE 51 00 14 01 01 01 00 01 01 02 00 01 01 03 11 01 01 04 08 01 01 06 00 01 02 05 00 01 03 05 00 02 01 01 01 02 01 02 03 02 01 03 11 02 01 04 08 02 01 06 00 02 02 05 00 02 03 05 00 01 06 02 00 01 06 03 00 01 06 06 00 02 06 02 00 02 06 03 00 02 06 06 00
01:00:52.378  RX: AA 08 00 00 01 84 BE 01 00 00
01:00:52.381  UNATTR RX: cmd=0x8401 len=1 head=[00] ancFlush=YES
01:00:52.910  TX[verify key function]: AA 07 00 00 08 01 BF 00 00
01:00:52.946  RX: AA 59 00 00 08 81 BF 52 00 00 14 01 01 01 00 01 01 02 00 01 01 03 11 01 01 04 08 01 01 06 00 01 02 05 00 01 03 05 00 02 01 01 01 02 01 02 03 02 01 03 11 02 01 04 08 02 01 06 00 02 02 05 00 02 03 05 00 01 06 02 00 01 06 03 00 01 06 06 00 02 06 02 00 02 06 03 00 02 06 06 00
01:00:52.950  KEYFN: getKeyFunction reply: status=0x00 count=20 parsed=20 dev=0x01/btn=0x01[01:00 02:00 03:11 04:08 06:00] dev=0x01/btn=0x02[05:00] dev=0x01/btn=0x03[05:00] dev=0x01/btn=0x06[02:00 03:00 06:00] dev=0x02/btn=0x01[01:01 02:03 03:11 04:08 06:00] dev=0x02/btn=0x02[05:00] dev=0x02/btn=0x03[05:00] dev=0x02/btn=0x06[02:00 03:00 06:00] RAW=[00 14 01 01 01 00 01 01 02 00 01 01 03 11 01 01 04 08 01 01 06 00 01 02 05 00 01 03 05 00 02 01 01 01 02 01 02 03 02 01 03 11 02 01 04 08 02 01 06 00 02 02 05 00 02 03 05 00 01 06 02 00 01 06 03 00 01 06 06 00 02 06 02 00 02 06 03 00 02 06 06 00]
01:00:52.953  KEYFN DIFF: dev=0x02/btn=0x01 act=0x04: 0x00 -> 0x08
01:00:55.400  RX: AA 0D 00 00 04 02 FF 06 00 F1 02 01 04 08 02
01:00:55.402  BTN EVT: R btn=0x01 long press +0x08 ctx=0x02
01:00:56.691  TX[poll status]: AA 13 00 00 0D 01 00 0C 00 0B 05 04 0B 11 13 18 06 1B 1C 27 28
01:00:56.712  RX: AA 17 00 00 0D 81 00 10 00 00 07 05 01 04 00 0B 01 11 01 18 01 06 00 1B 00
01:00:57.017  RX: AA 0C 00 00 04 02 FF 05 00 03 01 01 00 08
01:00:57.019  ANC EVT: raw=0x0800 -> Adaptive (app shows ANC-Light)
01:00:57.208  TX[poll status]: AA 13 00 00 0D 01 00 0C 00 0B 05 04 0B 11 13 18 06 1B 1C 27 28
01:00:57.239  RX: AA 17 00 00 0D 81 00 10 00 00 07 05 01 04 00 0B 01 11 01 18 01 06 00 1B 00
01:00:58.155  TX[poll status]: AA 13 00 00 0D 01 00 0C 00 0B 05 04 0B 11 13 18 06 1B 1C 27 28
01:00:58.199  RX: AA 17 00 00 0D 81 00 10 00 00 07 05 01 04 00 0B 01 11 01 18 01 06 00 1B 00
01:01:00.271  RX: AA 0D 00 00 04 02 FF 06 00 F1 02 01 04 08 02
01:01:00.273  BTN EVT: R btn=0x01 long press +0x08 ctx=0x02
01:01:01.894  RX: AA 0C 00 00 04 02 FF 05 00 03 01 01 08 00
01:01:01.897  ANC EVT: raw=0x0008 -> Off
01:01:05.925  RX: AA 0D 00 00 04 02 FF 06 00 F1 02 01 04 08 02
01:01:05.928  BTN EVT: R btn=0x01 long press +0x08 ctx=0x02
01:01:07.549  RX: AA 0C 00 00 04 02 FF 05 00 03 01 01 00 08
01:01:07.551  ANC EVT: raw=0x0800 -> Adaptive (app shows ANC-Light)
01:01:10.413  TX[poll status]: AA 13 00 00 0D 01 00 0C 00 0B 05 04 0B 11 13 18 06 1B 1C 27 28
01:01:10.432  RX: AA 17 00 00 0D 81 00 10 00 00 07 05 01 04 00 0B 01 11 01 18 01 06 00 1B 00
01:01:12.712  TX[poll status]: AA 13 00 00 0D 01 00 0C 00 0B 05 04 0B 11 13 18 06 1B 1C 27 28
01:01:12.770  RX: AA 17 00 00 0D 81 00 10 00 00 07 05 01 04 00 0B 01 11 01 18 01 06 00 1B 00
01:01:31.924  RX: AA 0D 00 00 04 02 FF 06 00 F1 02 01 04 08 02
01:01:31.928  BTN EVT: R btn=0x01 long press +0x08 ctx=0x02
01:01:33.553  RX: AA 0C 00 00 04 02 FF 05 00 03 01 01 08 00
01:01:33.555  ANC EVT: raw=0x0008 -> Off
01:01:36.995  RX: AA 0D 00 00 04 02 FF 06 00 F1 02 01 04 08 02
01:01:36.997  BTN EVT: R btn=0x01 long press +0x08 ctx=0x02
01:01:38.619  RX: AA 0C 00 00 04 02 FF 05 00 03 01 01 00 08
01:01:38.621  ANC EVT: raw=0x0800 -> Adaptive (app shows ANC-Light)
01:01:40.204  TX[poll status]: AA 13 00 00 0D 01 00 0C 00 0B 05 04 0B 11 13 18 06 1B 1C 27 28
01:01:40.252  RX: AA 17 00 00 0D 81 00 10 00 00 07 05 01 04 00 0B 01 11 01 18 01 06 00 1B 00
01:01:40.714  TX[poll status]: AA 13 00 00 0D 01 00 0C 00 0B 05 04 0B 11 13 18 06 1B 1C 27 28
01:01:40.739  RX: AA 17 00 00 0D 81 00 10 00 00 07 05 01 04 00 0B 01 11 01 18 01 06 00 1B 00
01:01:41.509  TX[poll status]: AA 13 00 00 0D 01 00 0C 00 0B 05 04 0B 11 13 18 06 1B 1C 27 28
01:01:41.545  RX: AA 17 00 00 0D 81 00 10 00 00 07 05 01 04 00 0B 01 11 01 18 01 06 00 1B 00
01:01:44.990  TX[poll status]: AA 13 00 00 0D 01 00 0C 00 0B 05 04 0B 11 13 18 06 1B 1C 27 28
01:01:45.040  RX: AA 17 00 00 0D 81 00 10 00 00 07 05 01 04 00 0B 01 11 01 18 01 06 00 1B 00
01:01:48.047  RX: AA 0D 00 00 04 02 FF 06 00 F1 02 01 04 08 02
01:01:48.050  BTN EVT: R btn=0x01 long press +0x08 ctx=0x02
01:01:49.670  RX: AA 0C 00 00 04 02 FF 05 00 03 01 01 08 00
01:01:49.672  ANC EVT: raw=0x0008 -> Off
01:01:53.375  RX: AA 0D 00 00 04 02 FF 06 00 F1 02 01 04 08 02
01:01:53.378  BTN EVT: R btn=0x01 long press +0x08 ctx=0x02
01:01:55.003  RX: AA 0C 00 00 04 02 FF 05 00 03 01 01 00 08
01:01:55.005  ANC EVT: raw=0x0800 -> Adaptive (app shows ANC-Light)
01:01:56.692  TX[poll status]: AA 13 00 00 0D 01 00 0C 00 0B 05 04 0B 11 13 18 06 1B 1C 27 28
01:01:56.703  RX: AA 17 00 00 0D 81 00 10 00 00 07 05 01 04 00 0B 01 11 01 18 01 06 00 1B 00
01:01:57.209  TX[poll status]: AA 13 00 00 0D 01 00 0C 00 0B 05 04 0B 11 13 18 06 1B 1C 27 28
01:01:57.235  RX: AA 17 00 00 0D 81 00 10 00 00 07 05 01 04 00 0B 01 11 01 18 01 06 00 1B 00
01:01:58.154  TX[poll status]: AA 13 00 00 0D 01 00 0C 00 0B 05 04 0B 11 13 18 06 1B 1C 27 28
01:01:58.181  RX: AA 17 00 00 0D 81 00 10 00 00 07 05 01 04 00 0B 01 11 01 18 01 06 00 1B 00
01:02:02.070  ANC TAP: circle=Transparency current=ANC-Light
01:02:02.073  TX[ANC Trans]: AA 0A 00 00 04 04 C0 03 00 01 01 04
01:02:02.108  RX: AA 0C 00 00 04 02 FF 05 00 03 01 01 00 01
01:02:02.110  ANC EVT: raw=0x0100 -> Transparency
01:02:02.127  RX: AA 08 00 00 04 84 C0 01 00 00
01:02:02.128  UNATTR RX: cmd=0x8404 len=1 head=[00] ancFlush=YES
01:02:06.069  ANC TAP: circle=ANC current=Transparency
01:02:08.828  TX[ANC Light]: AA 0A 00 00 04 04 C1 03 00 01 01 40
01:02:08.863  RX: AA 0C 00 00 04 02 FF 05 00 03 01 01 40 00
01:02:08.863  ANC EVT: raw=0x0040 -> ANC-Light
01:02:08.877  RX: AA 08 00 00 04 84 C1 01 00 00
01:02:08.878  UNATTR RX: cmd=0x8404 len=1 head=[00] ancFlush=YES
01:02:09.975  RX: AA 0D 00 00 04 02 FF 06 00 01 02 01 64 02 64
01:02:10.414  TX[poll status]: AA 13 00 00 0D 01 00 0C 00 0B 05 04 0B 11 13 18 06 1B 1C 27 28
01:02:10.449  RX: AA 17 00 00 0D 81 00 10 00 00 07 05 01 04 00 0B 01 11 01 18 01 06 00 1B 00
01:02:12.714  TX[poll status]: AA 13 00 00 0D 01 00 0C 00 0B 05 04 0B 11 13 18 06 1B 1C 27 28
01:02:12.749  RX: AA 17 00 00 0D 81 00 10 00 00 07 05 01 04 00 0B 01 11 01 18 01 06 00 1B 00
01:02:13.043  ANC TAP: circle=ANC current=ANC-Light
01:02:13.989  TX[ANC Medium]: AA 0A 00 00 04 04 C2 03 00 01 01 20
01:02:14.015  RX: AA 0C 00 00 04 02 FF 05 00 03 01 01 20 00
01:02:14.016  ANC EVT: raw=0x0020 -> ANC-Medium
01:02:14.016  RX: AA 08 00 00 04 84 C2 01 00 00
01:02:14.017  UNATTR RX: cmd=0x8404 len=1 head=[00] ancFlush=YES
01:02:18.253  ANC TAP: circle=ANC current=ANC-Medium
01:02:19.224  TX[ANC Deep]: AA 0A 00 00 04 04 C3 03 00 01 01 10
01:02:19.257  RX: AA 0C 00 00 04 02 FF 05 00 03 01 01 10 00
01:02:19.261  ANC EVT: raw=0x0010 -> ANC-Deep
01:02:19.262  RX: AA 08 00 00 04 84 C3 01 00 00
01:02:19.262  UNATTR RX: cmd=0x8404 len=1 head=[00] ancFlush=YES
01:02:40.205  TX[poll status]: AA 13 00 00 0D 01 00 0C 00 0B 05 04 0B 11 13 18 06 1B 1C 27 28
01:02:40.230  RX: AA 17 00 00 0D 81 00 10 00 00 07 05 01 04 00 0B 01 11 01 18 01 06 00 1B 00
01:02:40.416  KEYFN WRITE: dev=0x01 btn=0x01 act=0x04 -> 0x08 (full table, 20 entries)
01:02:40.417  TX[set key function]: AA 58 00 00 01 04 C4 51 00 14 01 01 01 00 01 01 02 00 01 01 03 11 01 01 04 08 01 01 06 00 01 02 05 00 01 03 05 00 02 01 01 01 02 01 02 03 02 01 03 11 02 01 04 08 02 01 06 00 02 02 05 00 02 03 05 00 01 06 02 00 01 06 03 00 01 06 06 00 02 06 02 00 02 06 03 00 02 06 06 00
01:02:40.469  RX: AA 08 00 00 01 84 C4 01 00 00
01:02:40.470  UNATTR RX: cmd=0x8401 len=1 head=[00] ancFlush=YES
01:02:40.714  TX[poll status]: AA 13 00 00 0D 01 00 0C 00 0B 05 04 0B 11 13 18 06 1B 1C 27 28
01:02:40.732  RX: AA 17 00 00 0D 81 00 10 00 00 07 05 01 04 00 0B 01 11 01 18 01 06 00 1B 00
01:02:41.018  TX[verify key function]: AA 07 00 00 08 01 C5 00 00
01:02:41.043  RX: AA 59 00 00 08 81 C5 52 00 00 14 01 01 01 00 01 01 02 00 01 01 03 11 01 01 04 08 01 01 06 00 01 02 05 00 01 03 05 00 02 01 01 01 02 01 02 03 02 01 03 11 02 01 04 08 02 01 06 00 02 02 05 00 02 03 05 00 01 06 02 00 01 06 03 00 01 06 06 00 02 06 02 00 02 06 03 00 02 06 06 00
01:02:41.046  KEYFN: getKeyFunction reply: status=0x00 count=20 parsed=20 dev=0x01/btn=0x01[01:00 02:00 03:11 04:08 06:00] dev=0x01/btn=0x02[05:00] dev=0x01/btn=0x03[05:00] dev=0x01/btn=0x06[02:00 03:00 06:00] dev=0x02/btn=0x01[01:01 02:03 03:11 04:08 06:00] dev=0x02/btn=0x02[05:00] dev=0x02/btn=0x03[05:00] dev=0x02/btn=0x06[02:00 03:00 06:00] RAW=[00 14 01 01 01 00 01 01 02 00 01 01 03 11 01 01 04 08 01 01 06 00 01 02 05 00 01 03 05 00 02 01 01 01 02 01 02 03 02 01 03 11 02 01 04 08 02 01 06 00 02 02 05 00 02 03 05 00 01 06 02 00 01 06 03 00 01 06 06 00 02 06 02 00 02 06 03 00 02 06 06 00]
01:02:41.049  KEYFN DIFF: NO CHANGE (20 slots identical)
01:02:41.508  TX[poll status]: AA 13 00 00 0D 01 00 0C 00 0B 05 04 0B 11 13 18 06 1B 1C 27 28
01:02:41.531  RX: AA 17 00 00 0D 81 00 10 00 00 07 05 01 04 00 0B 01 11 01 18 01 06 00 1B 00
01:02:44.989  TX[poll status]: AA 13 00 00 0D 01 00 0C 00 0B 05 04 0B 11 13 18 06 1B 1C 27 28
01:02:45.015  RX: AA 17 00 00 0D 81 00 10 00 00 07 05 01 04 00 0B 01 11 01 18 01 06 00 1B 00
01:02:51.709  RX: AA 0D 00 00 04 02 FF 06 00 F1 01 01 04 08 02
01:02:51.711  BTN EVT: L btn=0x01 long press +0x08 ctx=0x02
01:02:53.956  RX: AA 0C 00 00 04 02 FF 05 00 03 01 01 00 08
01:02:53.958  ANC EVT: raw=0x0800 -> Adaptive (app shows ANC-Light)
01:02:56.693  TX[poll status]: AA 13 00 00 0D 01 00 0C 00 0B 05 04 0B 11 13 18 06 1B 1C 27 28
01:02:56.745  RX: AA 17 00 00 0D 81 00 10 00 00 07 05 01 04 00 0B 01 11 01 18 01 06 00 1B 00
01:02:56.764  RX: AA 0D 00 00 04 02 FF 06 00 F1 01 01 04 08 02
01:02:56.765  BTN EVT: L btn=0x01 long press +0x08 ctx=0x02
01:02:57.210  TX[poll status]: AA 13 00 00 0D 01 00 0C 00 0B 05 04 0B 11 13 18 06 1B 1C 27 28
01:02:57.259  RX: AA 17 00 00 0D 81 00 10 00 00 07 05 01 04 00 0B 01 11 01 18 01 06 00 1B 00
01:02:58.156  TX[poll status]: AA 13 00 00 0D 01 00 0C 00 0B 05 04 0B 11 13 18 06 1B 1C 27 28
01:02:58.177  RX: AA 17 00 00 0D 81 00 10 00 00 07 05 01 04 00 0B 01 11 01 18 01 06 00 1B 00
01:02:58.375  RX: AA 0C 00 00 04 02 FF 05 00 03 01 01 08 00
01:02:58.377  ANC EVT: raw=0x0008 -> Off
01:03:02.134  RX: AA 0D 00 00 04 02 FF 06 00 F1 01 01 04 08 02
01:03:02.136  BTN EVT: L btn=0x01 long press +0x08 ctx=0x02
01:03:04.093  RX: AA 0C 00 00 04 02 FF 05 00 03 01 01 00 08
01:03:04.095  ANC EVT: raw=0x0800 -> Adaptive (app shows ANC-Light)
01:03:10.415  TX[poll status]: AA 13 00 00 0D 01 00 0C 00 0B 05 04 0B 11 13 18 06 1B 1C 27 28
01:03:10.437  RX: AA 17 00 00 0D 81 00 10 00 00 07 05 01 04 00 0B 01 11 01 18 01 06 00 1B 00
01:03:12.040  RX: AA 0D 00 00 04 02 FF 06 00 F1 01 01 04 08 02
01:03:12.042  BTN EVT: L btn=0x01 long press +0x08 ctx=0x02
01:03:12.716  TX[poll status]: AA 13 00 00 0D 01 00 0C 00 0B 05 04 0B 11 13 18 06 1B 1C 27 28
01:03:12.738  RX: AA 17 00 00 0D 81 00 10 00 00 07 05 01 04 00 0B 01 11 01 18 01 06 00 1B 00
01:03:13.855  RX: AA 0C 00 00 04 02 FF 05 00 03 01 01 08 00
01:03:13.857  ANC EVT: raw=0x0008 -> Off
01:03:25.365  KEYFN WRITE: dev=0x01 btn=0x01 act=0x04 -> 0x00 (full table, 20 entries)
01:03:25.375  TX[set key function]: AA 58 00 00 01 04 C6 51 00 14 01 01 01 00 01 01 02 00 01 01 03 11 01 01 04 00 01 01 06 00 01 02 05 00 01 03 05 00 02 01 01 01 02 01 02 03 02 01 03 11 02 01 04 08 02 01 06 00 02 02 05 00 02 03 05 00 01 06 02 00 01 06 03 00 01 06 06 00 02 06 02 00 02 06 03 00 02 06 06 00
01:03:25.438  RX: AA 08 00 00 01 84 C6 01 00 00
01:03:25.439  UNATTR RX: cmd=0x8401 len=1 head=[00] ancFlush=YES
01:03:25.968  TX[verify key function]: AA 07 00 00 08 01 C7 00 00
01:03:26.005  RX: AA 59 00 00 08 81 C7 52 00 00 14 01 01 01 00 01 01 02 00 01 01 03 11 01 01 04 00 01 01 06 00 01 02 05 00 01 03 05 00 02 01 01 01 02 01 02 03 02 01 03 11 02 01 04 08 02 01 06 00 02 02 05 00 02 03 05 00 01 06 02 00 01 06 03 00 01 06 06 00 02 06 02 00 02 06 03 00 02 06 06 00
01:03:26.008  KEYFN: getKeyFunction reply: status=0x00 count=20 parsed=20 dev=0x01/btn=0x01[01:00 02:00 03:11 04:00 06:00] dev=0x01/btn=0x02[05:00] dev=0x01/btn=0x03[05:00] dev=0x01/btn=0x06[02:00 03:00 06:00] dev=0x02/btn=0x01[01:01 02:03 03:11 04:08 06:00] dev=0x02/btn=0x02[05:00] dev=0x02/btn=0x03[05:00] dev=0x02/btn=0x06[02:00 03:00 06:00] RAW=[00 14 01 01 01 00 01 01 02 00 01 01 03 11 01 01 04 00 01 01 06 00 01 02 05 00 01 03 05 00 02 01 01 01 02 01 02 03 02 01 03 11 02 01 04 08 02 01 06 00 02 02 05 00 02 03 05 00 01 06 02 00 01 06 03 00 01 06 06 00 02 06 02 00 02 06 03 00 02 06 06 00]
01:03:26.011  KEYFN DIFF: dev=0x01/btn=0x01 act=0x04: 0x08 -> 0x00
01:03:40.206  TX[poll status]: AA 13 00 00 0D 01 00 0C 00 0B 05 04 0B 11 13 18 06 1B 1C 27 28
01:03:40.240  RX: AA 17 00 00 0D 81 00 10 00 00 07 05 01 04 00 0B 01 11 01 18 01 06 00 1B 00
01:03:40.716  TX[poll status]: AA 13 00 00 0D 01 00 0C 00 0B 05 04 0B 11 13 18 06 1B 1C 27 28
01:03:40.755  RX: AA 17 00 00 0D 81 00 10 00 00 07 05 01 04 00 0B 01 11 01 18 01 06 00 1B 00
01:03:41.510  TX[poll status]: AA 13 00 00 0D 01 00 0C 00 0B 05 04 0B 11 13 18 06 1B 1C 27 28
01:03:41.544  RX: AA 17 00 00 0D 81 00 10 00 00 07 05 01 04 00 0B 01 11 01 18 01 06 00 1B 00
01:03:43.958  KEYFN WRITE: dev=0x01 btn=0x01 act=0x04 -> 0x08 (full table, 20 entries)
01:03:43.962  TX[set key function]: AA 58 00 00 01 04 C8 51 00 14 01 01 01 00 01 01 02 00 01 01 03 11 01 01 04 08 01 01 06 00 01 02 05 00 01 03 05 00 02 01 01 01 02 01 02 03 02 01 03 11 02 01 04 08 02 01 06 00 02 02 05 00 02 03 05 00 01 06 02 00 01 06 03 00 01 06 06 00 02 06 02 00 02 06 03 00 02 06 06 00
01:03:44.017  RX: AA 08 00 00 01 84 C8 01 00 00
01:03:44.018  UNATTR RX: cmd=0x8401 len=1 head=[00] ancFlush=YES
01:03:44.561  TX[verify key function]: AA 07 00 00 08 01 C9 00 00
01:03:44.592  RX: AA 59 00 00 08 81 C9 52 00 00 14 01 01 01 00 01 01 02 00 01 01 03 11 01 01 04 08 01 01 06 00 01 02 05 00 01 03 05 00 02 01 01 01 02 01 02 03 02 01 03 11 02 01 04 08 02 01 06 00 02 02 05 00 02 03 05 00 01 06 02 00 01 06 03 00 01 06 06 00 02 06 02 00 02 06 03 00 02 06 06 00
01:03:44.595  KEYFN: getKeyFunction reply: status=0x00 count=20 parsed=20 dev=0x01/btn=0x01[01:00 02:00 03:11 04:08 06:00] dev=0x01/btn=0x02[05:00] dev=0x01/btn=0x03[05:00] dev=0x01/btn=0x06[02:00 03:00 06:00] dev=0x02/btn=0x01[01:01 02:03 03:11 04:08 06:00] dev=0x02/btn=0x02[05:00] dev=0x02/btn=0x03[05:00] dev=0x02/btn=0x06[02:00 03:00 06:00] RAW=[00 14 01 01 01 00 01 01 02 00 01 01 03 11 01 01 04 08 01 01 06 00 01 02 05 00 01 03 05 00 02 01 01 01 02 01 02 03 02 01 03 11 02 01 04 08 02 01 06 00 02 02 05 00 02 03 05 00 01 06 02 00 01 06 03 00 01 06 06 00 02 06 02 00 02 06 03 00 02 06 06 00]
01:03:44.598  KEYFN DIFF: dev=0x01/btn=0x01 act=0x04: 0x00 -> 0x08
01:03:44.991  TX[poll status]: AA 13 00 00 0D 01 00 0C 00 0B 05 04 0B 11 13 18 06 1B 1C 27 28
01:03:45.014  RX: AA 17 00 00 0D 81 00 10 00 00 07 05 01 04 00 0B 01 11 01 18 01 06 00 1B 00
01:03:46.015  RX: AA 0D 00 00 04 02 FF 06 00 F1 01 01 04 08 02
01:03:46.017  BTN EVT: L btn=0x01 long press +0x08 ctx=0x02
01:03:47.907  RX: AA 0C 00 00 04 02 FF 05 00 03 01 01 00 08
01:03:47.909  ANC EVT: raw=0x0800 -> Adaptive (app shows ANC-Light)
01:03:56.695  TX[poll status]: AA 13 00 00 0D 01 00 0C 00 0B 05 04 0B 11 13 18 06 1B 1C 27 28
01:03:56.750  RX: AA 17 00 00 0D 81 00 10 00 00 07 05 01 04 00 0B 01 11 01 18 01 06 00 1B 00
01:03:57.210  TX[poll status]: AA 13 00 00 0D 01 00 0C 00 0B 05 04 0B 11 13 18 06 1B 1C 27 28
01:03:57.237  RX: AA 17 00 00 0D 81 00 10 00 00 07 05 01 04 00 0B 01 11 01 18 01 06 00 1B 00
01:03:58.157  TX[poll status]: AA 13 00 00 0D 01 00 0C 00 0B 05 04 0B 11 13 18 06 1B 1C 27 28
01:03:58.198  RX: AA 17 00 00 0D 81 00 10 00 00 07 05 01 04 00 0B 01 11 01 18 01 06 00 1B 00
01:04:03.700  KEYFN WRITE: dev=0x01 btn=0x01 act=0x04 -> 0x08 (full table, 20 entries)
01:04:03.704  TX[set key function]: AA 58 00 00 01 04 CA 51 00 14 01 01 01 00 01 01 02 00 01 01 03 11 01 01 04 08 01 01 06 00 01 02 05 00 01 03 05 00 02 01 01 01 02 01 02 03 02 01 03 11 02 01 04 08 02 01 06 00 02 02 05 00 02 03 05 00 01 06 02 00 01 06 03 00 01 06 06 00 02 06 02 00 02 06 03 00 02 06 06 00
01:04:03.774  RX: AA 08 00 00 01 84 CA 01 00 00
01:04:03.775  UNATTR RX: cmd=0x8401 len=1 head=[00] ancFlush=YES
01:04:04.303  TX[verify key function]: AA 07 00 00 08 01 CB 00 00
01:04:04.337  RX: AA 59 00 00 08 81 CB 52 00 00 14 01 01 01 00 01 01 02 00 01 01 03 11 01 01 04 08 01 01 06 00 01 02 05 00 01 03 05 00 02 01 01 01 02 01 02 03 02 01 03 11 02 01 04 08 02 01 06 00 02 02 05 00 02 03 05 00 01 06 02 00 01 06 03 00 01 06 06 00 02 06 02 00 02 06 03 00 02 06 06 00
01:04:04.340  KEYFN: getKeyFunction reply: status=0x00 count=20 parsed=20 dev=0x01/btn=0x01[01:00 02:00 03:11 04:08 06:00] dev=0x01/btn=0x02[05:00] dev=0x01/btn=0x03[05:00] dev=0x01/btn=0x06[02:00 03:00 06:00] dev=0x02/btn=0x01[01:01 02:03 03:11 04:08 06:00] dev=0x02/btn=0x02[05:00] dev=0x02/btn=0x03[05:00] dev=0x02/btn=0x06[02:00 03:00 06:00] RAW=[00 14 01 01 01 00 01 01 02 00 01 01 03 11 01 01 04 08 01 01 06 00 01 02 05 00 01 03 05 00 02 01 01 01 02 01 02 03 02 01 03 11 02 01 04 08 02 01 06 00 02 02 05 00 02 03 05 00 01 06 02 00 01 06 03 00 01 06 06 00 02 06 02 00 02 06 03 00 02 06 06 00]
01:04:04.344  KEYFN DIFF: NO CHANGE (20 slots identical)
01:04:06.795  RX: AA 0D 00 00 04 02 FF 06 00 F1 01 01 04 08 02
01:04:06.797  BTN EVT: L btn=0x01 long press +0x08 ctx=0x02
01:04:08.446  RX: AA 0C 00 00 04 02 FF 05 00 03 01 01 08 00
01:04:08.449  ANC EVT: raw=0x0008 -> Off
01:04:10.417  TX[poll status]: AA 13 00 00 0D 01 00 0C 00 0B 05 04 0B 11 13 18 06 1B 1C 27 28
01:04:10.438  RX: AA 17 00 00 0D 81 00 10 00 00 07 05 01 04 00 0B 01 11 01 18 01 06 00 1B 00
01:04:10.994  RX: AA 0D 00 00 04 02 FF 06 00 F1 01 01 04 08 02
01:04:10.996  BTN EVT: L btn=0x01 long press +0x08 ctx=0x02
01:04:12.716  TX[poll status]: AA 13 00 00 0D 01 00 0C 00 0B 05 04 0B 11 13 18 06 1B 1C 27 28
01:04:12.772  RX: AA 17 00 00 0D 81 00 10 00 00 07 05 01 04 00 0B 01 11 01 18 01 06 00 1B 00
01:04:12.994  RX: AA 0C 00 00 04 02 FF 05 00 03 01 01 00 08
01:04:12.997  ANC EVT: raw=0x0800 -> Adaptive (app shows ANC-Light)
01:04:21.223  KEYFN WRITE: dev=0x01 btn=0x01 act=0x04 -> 0x08 (full table, 20 entries)
01:04:21.225  TX[set key function]: AA 58 00 00 01 04 CC 51 00 14 01 01 01 00 01 01 02 00 01 01 03 11 01 01 04 08 01 01 06 00 01 02 05 00 01 03 05 00 02 01 01 01 02 01 02 03 02 01 03 11 02 01 04 08 02 01 06 00 02 02 05 00 02 03 05 00 01 06 02 00 01 06 03 00 01 06 06 00 02 06 02 00 02 06 03 00 02 06 06 00
01:04:21.296  RX: AA 08 00 00 01 84 CC 01 00 00
01:04:21.298  UNATTR RX: cmd=0x8401 len=1 head=[00] ancFlush=YES
01:04:21.826  TX[verify key function]: AA 07 00 00 08 01 CD 00 00
01:04:21.860  RX: AA 59 00 00 08 81 CD 52 00 00 14 01 01 01 00 01 01 02 00 01 01 03 11 01 01 04 08 01 01 06 00 01 02 05 00 01 03 05 00 02 01 01 01 02 01 02 03 02 01 03 11 02 01 04 08 02 01 06 00 02 02 05 00 02 03 05 00 01 06 02 00 01 06 03 00 01 06 06 00 02 06 02 00 02 06 03 00 02 06 06 00
01:04:21.865  KEYFN: getKeyFunction reply: status=0x00 count=20 parsed=20 dev=0x01/btn=0x01[01:00 02:00 03:11 04:08 06:00] dev=0x01/btn=0x02[05:00] dev=0x01/btn=0x03[05:00] dev=0x01/btn=0x06[02:00 03:00 06:00] dev=0x02/btn=0x01[01:01 02:03 03:11 04:08 06:00] dev=0x02/btn=0x02[05:00] dev=0x02/btn=0x03[05:00] dev=0x02/btn=0x06[02:00 03:00 06:00] RAW=[00 14 01 01 01 00 01 01 02 00 01 01 03 11 01 01 04 08 01 01 06 00 01 02 05 00 01 03 05 00 02 01 01 01 02 01 02 03 02 01 03 11 02 01 04 08 02 01 06 00 02 02 05 00 02 03 05 00 01 06 02 00 01 06 03 00 01 06 06 00 02 06 02 00 02 06 03 00 02 06 06 00]
01:04:21.868  KEYFN DIFF: NO CHANGE (20 slots identical)
01:04:24.091  RX: AA 0D 00 00 04 02 FF 06 00 F1 01 01 04 08 02
01:04:24.093  BTN EVT: L btn=0x01 long press +0x08 ctx=0x02
01:04:25.732  RX: AA 0C 00 00 04 02 FF 05 00 03 01 01 08 00
01:04:25.734  ANC EVT: raw=0x0008 -> Off
01:04:31.157  RX: AA 0D 00 00 04 02 FF 06 00 01 02 01 64 02 64
01:04:33.870  RX: AA 0D 00 00 04 02 FF 06 00 F1 01 01 04 08 02
01:04:33.871  BTN EVT: L btn=0x01 long press +0x08 ctx=0x02
01:04:36.004  RX: AA 0C 00 00 04 02 FF 05 00 03 01 01 00 08
01:04:36.006  ANC EVT: raw=0x0800 -> Adaptive (app shows ANC-Light)
01:04:40.206  TX[poll status]: AA 13 00 00 0D 01 00 0C 00 0B 05 04 0B 11 13 18 06 1B 1C 27 28
01:04:40.253  RX: AA 17 00 00 0D 81 00 10 00 00 07 05 01 04 00 0B 01 11 01 18 01 06 00 1B 00
01:04:40.715  TX[poll status]: AA 13 00 00 0D 01 00 0C 00 0B 05 04 0B 11 13 18 06 1B 1C 27 28
01:04:40.735  RX: AA 17 00 00 0D 81 00 10 00 00 07 05 01 04 00 0B 01 11 01 18 01 06 00 1B 00
01:04:41.512  TX[poll status]: AA 13 00 00 0D 01 00 0C 00 0B 05 04 0B 11 13 18 06 1B 1C 27 28
01:04:41.538  RX: AA 17 00 00 0D 81 00 10 00 00 07 05 01 04 00 0B 01 11 01 18 01 06 00 1B 00
01:04:41.786  RX: AA 0D 00 00 04 02 FF 06 00 F1 01 01 04 08 02
01:04:41.788  BTN EVT: L btn=0x01 long press +0x08 ctx=0x02
01:04:43.541  RX: AA 0C 00 00 04 02 FF 05 00 03 01 01 08 00
01:04:43.543  ANC EVT: raw=0x0008 -> Off
01:04:44.992  TX[poll status]: AA 13 00 00 0D 01 00 0C 00 0B 05 04 0B 11 13 18 06 1B 1C 27 28
01:04:45.015  RX: AA 17 00 00 0D 81 00 10 00 00 07 05 01 04 00 0B 01 11 01 18 01 06 00 1B 00
01:04:52.509  KEYFN WRITE: dev=0x02 btn=0x01 act=0x04 -> 0x00 (full table, 20 entries)
01:04:52.514  TX[set key function]: AA 58 00 00 01 04 CE 51 00 14 01 01 01 00 01 01 02 00 01 01 03 11 01 01 04 08 01 01 06 00 01 02 05 00 01 03 05 00 02 01 01 01 02 01 02 03 02 01 03 11 02 01 04 00 02 01 06 00 02 02 05 00 02 03 05 00 01 06 02 00 01 06 03 00 01 06 06 00 02 06 02 00 02 06 03 00 02 06 06 00
01:04:52.579  RX: AA 08 00 00 01 84 CE 01 00 00
01:04:52.580  UNATTR RX: cmd=0x8401 len=1 head=[00] ancFlush=YES
01:04:53.114  TX[verify key function]: AA 07 00 00 08 01 CF 00 00
01:04:53.145  RX: AA 59 00 00 08 81 CF 52 00 00 14 01 01 01 00 01 01 02 00 01 01 03 11 01 01 04 08 01 01 06 00 01 02 05 00 01 03 05 00 02 01 01 01 02 01 02 03 02 01 03 11 02 01 04 00 02 01 06 00 02 02 05 00 02 03 05 00 01 06 02 00 01 06 03 00 01 06 06 00 02 06 02 00 02 06 03 00 02 06 06 00
01:04:53.147  KEYFN: getKeyFunction reply: status=0x00 count=20 parsed=20 dev=0x01/btn=0x01[01:00 02:00 03:11 04:08 06:00] dev=0x01/btn=0x02[05:00] dev=0x01/btn=0x03[05:00] dev=0x01/btn=0x06[02:00 03:00 06:00] dev=0x02/btn=0x01[01:01 02:03 03:11 04:00 06:00] dev=0x02/btn=0x02[05:00] dev=0x02/btn=0x03[05:00] dev=0x02/btn=0x06[02:00 03:00 06:00] RAW=[00 14 01 01 01 00 01 01 02 00 01 01 03 11 01 01 04 08 01 01 06 00 01 02 05 00 01 03 05 00 02 01 01 01 02 01 02 03 02 01 03 11 02 01 04 00 02 01 06 00 02 02 05 00 02 03 05 00 01 06 02 00 01 06 03 00 01 06 06 00 02 06 02 00 02 06 03 00 02 06 06 00]
01:04:53.150  KEYFN DIFF: dev=0x02/btn=0x01 act=0x04: 0x08 -> 0x00
01:04:54.704  KEYFN WRITE: dev=0x01 btn=0x01 act=0x05 -> 0x00 (full table, 20 entries)
01:04:54.709  TX[set key function]: AA 58 00 00 01 04 D0 51 00 14 01 01 01 00 01 01 02 00 01 01 03 11 01 01 04 08 01 01 06 00 01 02 05 00 01 03 05 00 02 01 01 01 02 01 02 03 02 01 03 11 02 01 04 00 02 01 06 00 02 02 05 00 02 03 05 00 01 06 02 00 01 06 03 00 01 06 06 00 02 06 02 00 02 06 03 00 02 06 06 00
01:04:54.776  RX: AA 08 00 00 01 84 D0 01 00 00
01:04:54.777  UNATTR RX: cmd=0x8401 len=1 head=[00] ancFlush=YES
01:04:55.307  TX[verify key function]: AA 07 00 00 08 01 D1 00 00
01:04:55.341  RX: AA 59 00 00 08 81 D1 52 00 00 14 01 01 01 00 01 01 02 00 01 01 03 11 01 01 04 08 01 01 06 00 01 02 05 00 01 03 05 00 02 01 01 01 02 01 02 03 02 01 03 11 02 01 04 00 02 01 06 00 02 02 05 00 02 03 05 00 01 06 02 00 01 06 03 00 01 06 06 00 02 06 02 00 02 06 03 00 02 06 06 00
01:04:55.343  KEYFN: getKeyFunction reply: status=0x00 count=20 parsed=20 dev=0x01/btn=0x01[01:00 02:00 03:11 04:08 06:00] dev=0x01/btn=0x02[05:00] dev=0x01/btn=0x03[05:00] dev=0x01/btn=0x06[02:00 03:00 06:00] dev=0x02/btn=0x01[01:01 02:03 03:11 04:00 06:00] dev=0x02/btn=0x02[05:00] dev=0x02/btn=0x03[05:00] dev=0x02/btn=0x06[02:00 03:00 06:00] RAW=[00 14 01 01 01 00 01 01 02 00 01 01 03 11 01 01 04 08 01 01 06 00 01 02 05 00 01 03 05 00 02 01 01 01 02 01 02 03 02 01 03 11 02 01 04 00 02 01 06 00 02 02 05 00 02 03 05 00 01 06 02 00 01 06 03 00 01 06 06 00 02 06 02 00 02 06 03 00 02 06 06 00]
01:04:55.345  KEYFN DIFF: NO CHANGE (20 slots identical)
01:04:56.694  TX[poll status]: AA 13 00 00 0D 01 00 0C 00 0B 05 04 0B 11 13 18 06 1B 1C 27 28
01:04:56.717  RX: AA 17 00 00 0D 81 00 10 00 00 07 05 01 04 00 0B 01 11 01 18 01 06 00 1B 00
01:04:57.039  KEYFN WRITE: dev=0x01 btn=0x01 act=0x04 -> 0x00 (full table, 20 entries)
01:04:57.045  TX[set key function]: AA 58 00 00 01 04 D2 51 00 14 01 01 01 00 01 01 02 00 01 01 03 11 01 01 04 00 01 01 06 00 01 02 05 00 01 03 05 00 02 01 01 01 02 01 02 03 02 01 03 11 02 01 04 00 02 01 06 00 02 02 05 00 02 03 05 00 01 06 02 00 01 06 03 00 01 06 06 00 02 06 02 00 02 06 03 00 02 06 06 00
01:04:57.115  RX: AA 08 00 00 01 84 D2 01 00 00
01:04:57.116  UNATTR RX: cmd=0x8401 len=1 head=[00] ancFlush=YES
01:04:57.212  TX[poll status]: AA 13 00 00 0D 01 00 0C 00 0B 05 04 0B 11 13 18 06 1B 1C 27 28
01:04:57.247  RX: AA 17 00 00 0D 81 00 10 00 00 07 05 01 04 00 0B 01 11 01 18 01 06 00 1B 00
01:04:57.643  TX[verify key function]: AA 07 00 00 08 01 D3 00 00
01:04:57.667  RX: AA 59 00 00 08 81 D3 52 00 00 14 01 01 01 00 01 01 02 00 01 01 03 11 01 01 04 00 01 01 06 00 01 02 05 00 01 03 05 00 02 01 01 01 02 01 02 03 02 01 03 11 02 01 04 00 02 01 06 00 02 02 05 00 02 03 05 00 01 06 02 00 01 06 03 00 01 06 06 00 02 06 02 00 02 06 03 00 02 06 06 00
01:04:57.671  KEYFN: getKeyFunction reply: status=0x00 count=20 parsed=20 dev=0x01/btn=0x01[01:00 02:00 03:11 04:00 06:00] dev=0x01/btn=0x02[05:00] dev=0x01/btn=0x03[05:00] dev=0x01/btn=0x06[02:00 03:00 06:00] dev=0x02/btn=0x01[01:01 02:03 03:11 04:00 06:00] dev=0x02/btn=0x02[05:00] dev=0x02/btn=0x03[05:00] dev=0x02/btn=0x06[02:00 03:00 06:00] RAW=[00 14 01 01 01 00 01 01 02 00 01 01 03 11 01 01 04 00 01 01 06 00 01 02 05 00 01 03 05 00 02 01 01 01 02 01 02 03 02 01 03 11 02 01 04 00 02 01 06 00 02 02 05 00 02 03 05 00 01 06 02 00 01 06 03 00 01 06 06 00 02 06 02 00 02 06 03 00 02 06 06 00]
01:04:57.674  KEYFN DIFF: dev=0x01/btn=0x01 act=0x04: 0x08 -> 0x00
01:04:58.159  TX[poll status]: AA 13 00 00 0D 01 00 0C 00 0B 05 04 0B 11 13 18 06 1B 1C 27 28
01:04:58.180  RX: AA 17 00 00 0D 81 00 10 00 00 07 05 01 04 00 0B 01 11 01 18 01 06 00 1B 00
01:04:59.190  KEYFN WRITE: dev=0x01 btn=0x01 act=0x03 -> 0x00 (full table, 20 entries)
01:04:59.193  TX[set key function]: AA 58 00 00 01 04 D4 51 00 14 01 01 01 00 01 01 02 00 01 01 03 00 01 01 04 00 01 01 06 00 01 02 05 00 01 03 05 00 02 01 01 01 02 01 02 03 02 01 03 11 02 01 04 00 02 01 06 00 02 02 05 00 02 03 05 00 01 06 02 00 01 06 03 00 01 06 06 00 02 06 02 00 02 06 03 00 02 06 06 00
01:04:59.256  RX: AA 08 00 00 01 84 D4 01 00 00
01:04:59.257  UNATTR RX: cmd=0x8401 len=1 head=[00] ancFlush=YES
01:04:59.796  TX[verify key function]: AA 07 00 00 08 01 D5 00 00
01:04:59.831  RX: AA 59 00 00 08 81 D5 52 00 00 14 01 01 01 00 01 01 02 00 01 01 03 00 01 01 04 00 01 01 06 00 01 02 05 00 01 03 05 00 02 01 01 01 02 01 02 03 02 01 03 11 02 01 04 00 02 01 06 00 02 02 05 00 02 03 05 00 01 06 02 00 01 06 03 00 01 06 06 00 02 06 02 00 02 06 03 00 02 06 06 00
01:04:59.834  KEYFN: getKeyFunction reply: status=0x00 count=20 parsed=20 dev=0x01/btn=0x01[01:00 02:00 03:00 04:00 06:00] dev=0x01/btn=0x02[05:00] dev=0x01/btn=0x03[05:00] dev=0x01/btn=0x06[02:00 03:00 06:00] dev=0x02/btn=0x01[01:01 02:03 03:11 04:00 06:00] dev=0x02/btn=0x02[05:00] dev=0x02/btn=0x03[05:00] dev=0x02/btn=0x06[02:00 03:00 06:00] RAW=[00 14 01 01 01 00 01 01 02 00 01 01 03 00 01 01 04 00 01 01 06 00 01 02 05 00 01 03 05 00 02 01 01 01 02 01 02 03 02 01 03 11 02 01 04 00 02 01 06 00 02 02 05 00 02 03 05 00 01 06 02 00 01 06 03 00 01 06 06 00 02 06 02 00 02 06 03 00 02 06 06 00]
01:04:59.838  KEYFN DIFF: dev=0x01/btn=0x01 act=0x03: 0x11 -> 0x00
01:05:05.388  RX: AA 0D 00 00 04 02 FF 06 00 F1 02 01 03 11 02
01:05:05.389  BTN EVT: R btn=0x01 triple tap +0x11 ctx=0x02
01:05:05.391  RX: AA 09 00 00 04 02 FF 02 00 05 01
01:05:05.392  GAME EVT: ON
01:05:05.974  RX: AA 0D 00 00 04 02 FF 06 00 F1 02 01 02 03 02
01:05:05.976  BTN EVT: R btn=0x01 double tap +0x03 ctx=0x02
01:05:07.240  RX: AA 0D 00 00 04 02 FF 06 00 F1 02 01 03 11 01
01:05:07.245  BTN EVT: R btn=0x01 triple tap +0x11 ctx=0x01
01:05:07.247  RX: AA 09 00 00 04 02 FF 02 00 05 00
01:05:07.248  GAME EVT: OFF
01:05:10.418  TX[poll status]: AA 13 00 00 0D 01 00 0C 00 0B 05 04 0B 11 13 18 06 1B 1C 27 28
01:05:10.437  RX: AA 17 00 00 0D 81 00 10 00 00 07 05 01 04 00 0B 01 11 01 18 01 06 00 1B 00
01:05:12.718  TX[poll status]: AA 13 00 00 0D 01 00 0C 00 0B 05 04 0B 11 13 18 06 1B 1C 27 28
01:05:12.748  RX: AA 17 00 00 0D 81 00 10 00 00 07 05 01 04 00 0B 01 11 01 18 01 06 00 1B 00
01:05:13.995  KEYFN WRITE: dev=0x02 btn=0x01 act=0x03 -> 0x05 (full table, 20 entries)
01:05:13.996  TX[set key function]: AA 58 00 00 01 04 D6 51 00 14 01 01 01 00 01 01 02 00 01 01 03 00 01 01 04 00 01 01 06 00 01 02 05 00 01 03 05 00 02 01 01 01 02 01 02 03 02 01 03 05 02 01 04 00 02 01 06 00 02 02 05 00 02 03 05 00 01 06 02 00 01 06 03 00 01 06 06 00 02 06 02 00 02 06 03 00 02 06 06 00
01:05:14.033  RX: AA 08 00 00 01 84 D6 01 00 00
01:05:14.034  UNATTR RX: cmd=0x8401 len=1 head=[00] ancFlush=YES
01:05:14.597  TX[verify key function]: AA 07 00 00 08 01 D7 00 00
01:05:14.639  RX: AA 59 00 00 08 81 D7 52 00 00 14 01 01 01 00 01 01 02 00 01 01 03 00 01 01 04 00 01 01 06 00 01 02 05 00 01 03 05 00 02 01 01 01 02 01 02 03 02 01 03 05 02 01 04 00 02 01 06 00 02 02 05 00 02 03 05 00 01 06 02 00 01 06 03 00 01 06 06 00 02 06 02 00 02 06 03 00 02 06 06 00
01:05:14.642  KEYFN: getKeyFunction reply: status=0x00 count=20 parsed=20 dev=0x01/btn=0x01[01:00 02:00 03:00 04:00 06:00] dev=0x01/btn=0x02[05:00] dev=0x01/btn=0x03[05:00] dev=0x01/btn=0x06[02:00 03:00 06:00] dev=0x02/btn=0x01[01:01 02:03 03:05 04:00 06:00] dev=0x02/btn=0x02[05:00] dev=0x02/btn=0x03[05:00] dev=0x02/btn=0x06[02:00 03:00 06:00] RAW=[00 14 01 01 01 00 01 01 02 00 01 01 03 00 01 01 04 00 01 01 06 00 01 02 05 00 01 03 05 00 02 01 01 01 02 01 02 03 02 01 03 05 02 01 04 00 02 01 06 00 02 02 05 00 02 03 05 00 01 06 02 00 01 06 03 00 01 06 06 00 02 06 02 00 02 06 03 00 02 06 06 00]
01:05:14.646  KEYFN DIFF: dev=0x02/btn=0x01 act=0x03: 0x11 -> 0x05
01:05:15.921  KEYFN WRITE: dev=0x02 btn=0x01 act=0x02 -> 0x01 (full table, 20 entries)
01:05:15.924  TX[set key function]: AA 58 00 00 01 04 D8 51 00 14 01 01 01 00 01 01 02 00 01 01 03 00 01 01 04 00 01 01 06 00 01 02 05 00 01 03 05 00 02 01 01 01 02 01 02 01 02 01 03 05 02 01 04 00 02 01 06 00 02 02 05 00 02 03 05 00 01 06 02 00 01 06 03 00 01 06 06 00 02 06 02 00 02 06 03 00 02 06 06 00
01:05:15.949  RX: AA 08 00 00 01 84 D8 01 00 00
01:05:15.951  UNATTR RX: cmd=0x8401 len=1 head=[00] ancFlush=YES
01:05:16.524  TX[verify key function]: AA 07 00 00 08 01 D9 00 00
01:05:16.546  RX: AA 59 00 00 08 81 D9 52 00 00 14 01 01 01 00 01 01 02 00 01 01 03 00 01 01 04 00 01 01 06 00 01 02 05 00 01 03 05 00 02 01 01 01 02 01 02 01 02 01 03 05 02 01 04 00 02 01 06 00 02 02 05 00 02 03 05 00 01 06 02 00 01 06 03 00 01 06 06 00 02 06 02 00 02 06 03 00 02 06 06 00
01:05:16.547  KEYFN: getKeyFunction reply: status=0x00 count=20 parsed=20 dev=0x01/btn=0x01[01:00 02:00 03:00 04:00 06:00] dev=0x01/btn=0x02[05:00] dev=0x01/btn=0x03[05:00] dev=0x01/btn=0x06[02:00 03:00 06:00] dev=0x02/btn=0x01[01:01 02:01 03:05 04:00 06:00] dev=0x02/btn=0x02[05:00] dev=0x02/btn=0x03[05:00] dev=0x02/btn=0x06[02:00 03:00 06:00] RAW=[00 14 01 01 01 00 01 01 02 00 01 01 03 00 01 01 04 00 01 01 06 00 01 02 05 00 01 03 05 00 02 01 01 01 02 01 02 01 02 01 03 05 02 01 04 00 02 01 06 00 02 02 05 00 02 03 05 00 01 06 02 00 01 06 03 00 01 06 06 00 02 06 02 00 02 06 03 00 02 06 06 00]
01:05:16.549  KEYFN DIFF: dev=0x02/btn=0x01 act=0x02: 0x03 -> 0x01
01:05:17.409  KEYFN WRITE: dev=0x02 btn=0x01 act=0x01 -> 0x01 (full table, 20 entries)
01:05:17.412  TX[set key function]: AA 58 00 00 01 04 DA 51 00 14 01 01 01 00 01 01 02 00 01 01 03 00 01 01 04 00 01 01 06 00 01 02 05 00 01 03 05 00 02 01 01 01 02 01 02 01 02 01 03 05 02 01 04 00 02 01 06 00 02 02 05 00 02 03 05 00 01 06 02 00 01 06 03 00 01 06 06 00 02 06 02 00 02 06 03 00 02 06 06 00
01:05:17.479  RX: AA 08 00 00 01 84 DA 01 00 00
01:05:17.480  UNATTR RX: cmd=0x8401 len=1 head=[00] ancFlush=YES
01:05:18.011  TX[verify key function]: AA 07 00 00 08 01 DB 00 00
01:05:18.054  RX: AA 59 00 00 08 81 DB 52 00 00 14 01 01 01 00 01 01 02 00 01 01 03 00 01 01 04 00 01 01 06 00 01 02 05 00 01 03 05 00 02 01 01 01 02 01 02 01 02 01 03 05 02 01 04 00 02 01 06 00 02 02 05 00 02 03 05 00 01 06 02 00 01 06 03 00 01 06 06 00 02 06 02 00 02 06 03 00 02 06 06 00
01:05:18.057  KEYFN: getKeyFunction reply: status=0x00 count=20 parsed=20 dev=0x01/btn=0x01[01:00 02:00 03:00 04:00 06:00] dev=0x01/btn=0x02[05:00] dev=0x01/btn=0x03[05:00] dev=0x01/btn=0x06[02:00 03:00 06:00] dev=0x02/btn=0x01[01:01 02:01 03:05 04:00 06:00] dev=0x02/btn=0x02[05:00] dev=0x02/btn=0x03[05:00] dev=0x02/btn=0x06[02:00 03:00 06:00] RAW=[00 14 01 01 01 00 01 01 02 00 01 01 03 00 01 01 04 00 01 01 06 00 01 02 05 00 01 03 05 00 02 01 01 01 02 01 02 01 02 01 03 05 02 01 04 00 02 01 06 00 02 02 05 00 02 03 05 00 01 06 02 00 01 06 03 00 01 06 06 00 02 06 02 00 02 06 03 00 02 06 06 00]
01:05:18.058  KEYFN DIFF: NO CHANGE (20 slots identical)
01:05:18.769  KEYFN WRITE: dev=0x02 btn=0x01 act=0x01 -> 0x00 (full table, 20 entries)
01:05:18.773  TX[set key function]: AA 58 00 00 01 04 DC 51 00 14 01 01 01 00 01 01 02 00 01 01 03 00 01 01 04 00 01 01 06 00 01 02 05 00 01 03 05 00 02 01 01 00 02 01 02 01 02 01 03 05 02 01 04 00 02 01 06 00 02 02 05 00 02 03 05 00 01 06 02 00 01 06 03 00 01 06 06 00 02 06 02 00 02 06 03 00 02 06 06 00
01:05:18.857  RX: AA 08 00 00 01 84 DC 01 00 00
01:05:18.860  UNATTR RX: cmd=0x8401 len=1 head=[00] ancFlush=YES
01:05:19.373  TX[verify key function]: AA 07 00 00 08 01 DD 00 00
01:05:19.393  RX: AA 59 00 00 08 81 DD 52 00 00 14 01 01 01 00 01 01 02 00 01 01 03 00 01 01 04 00 01 01 06 00 01 02 05 00 01 03 05 00 02 01 01 00 02 01 02 01 02 01 03 05 02 01 04 00 02 01 06 00 02 02 05 00 02 03 05 00 01 06 02 00 01 06 03 00 01 06 06 00 02 06 02 00 02 06 03 00 02 06 06 00
01:05:19.396  KEYFN: getKeyFunction reply: status=0x00 count=20 parsed=20 dev=0x01/btn=0x01[01:00 02:00 03:00 04:00 06:00] dev=0x01/btn=0x02[05:00] dev=0x01/btn=0x03[05:00] dev=0x01/btn=0x06[02:00 03:00 06:00] dev=0x02/btn=0x01[01:00 02:01 03:05 04:00 06:00] dev=0x02/btn=0x02[05:00] dev=0x02/btn=0x03[05:00] dev=0x02/btn=0x06[02:00 03:00 06:00] RAW=[00 14 01 01 01 00 01 01 02 00 01 01 03 00 01 01 04 00 01 01 06 00 01 02 05 00 01 03 05 00 02 01 01 00 02 01 02 01 02 01 03 05 02 01 04 00 02 01 06 00 02 02 05 00 02 03 05 00 01 06 02 00 01 06 03 00 01 06 06 00 02 06 02 00 02 06 03 00 02 06 06 00]
01:05:19.399  KEYFN DIFF: dev=0x02/btn=0x01 act=0x01: 0x01 -> 0x00
01:05:20.393  KEYFN WRITE: dev=0x02 btn=0x01 act=0x02 -> 0x00 (full table, 20 entries)
01:05:20.396  TX[set key function]: AA 58 00 00 01 04 DE 51 00 14 01 01 01 00 01 01 02 00 01 01 03 00 01 01 04 00 01 01 06 00 01 02 05 00 01 03 05 00 02 01 01 00 02 01 02 00 02 01 03 05 02 01 04 00 02 01 06 00 02 02 05 00 02 03 05 00 01 06 02 00 01 06 03 00 01 06 06 00 02 06 02 00 02 06 03 00 02 06 06 00
01:05:20.468  RX: AA 08 00 00 01 84 DE 01 00 00
01:05:20.469  UNATTR RX: cmd=0x8401 len=1 head=[00] ancFlush=YES
01:05:20.996  TX[verify key function]: AA 07 00 00 08 01 DF 00 00
01:05:21.028  RX: AA 59 00 00 08 81 DF 52 00 00 14 01 01 01 00 01 01 02 00 01 01 03 00 01 01 04 00 01 01 06 00 01 02 05 00 01 03 05 00 02 01 01 00 02 01 02 00 02 01 03 05 02 01 04 00 02 01 06 00 02 02 05 00 02 03 05 00 01 06 02 00 01 06 03 00 01 06 06 00 02 06 02 00 02 06 03 00 02 06 06 00
01:05:21.033  KEYFN: getKeyFunction reply: status=0x00 count=20 parsed=20 dev=0x01/btn=0x01[01:00 02:00 03:00 04:00 06:00] dev=0x01/btn=0x02[05:00] dev=0x01/btn=0x03[05:00] dev=0x01/btn=0x06[02:00 03:00 06:00] dev=0x02/btn=0x01[01:00 02:00 03:05 04:00 06:00] dev=0x02/btn=0x02[05:00] dev=0x02/btn=0x03[05:00] dev=0x02/btn=0x06[02:00 03:00 06:00] RAW=[00 14 01 01 01 00 01 01 02 00 01 01 03 00 01 01 04 00 01 01 06 00 01 02 05 00 01 03 05 00 02 01 01 00 02 01 02 00 02 01 03 05 02 01 04 00 02 01 06 00 02 02 05 00 02 03 05 00 01 06 02 00 01 06 03 00 01 06 06 00 02 06 02 00 02 06 03 00 02 06 06 00]
01:05:21.036  KEYFN DIFF: dev=0x02/btn=0x01 act=0x02: 0x01 -> 0x00
01:05:21.479  KEYFN WRITE: dev=0x02 btn=0x01 act=0x03 -> 0x00 (full table, 20 entries)
01:05:21.483  TX[set key function]: AA 58 00 00 01 04 E0 51 00 14 01 01 01 00 01 01 02 00 01 01 03 00 01 01 04 00 01 01 06 00 01 02 05 00 01 03 05 00 02 01 01 00 02 01 02 00 02 01 03 00 02 01 04 00 02 01 06 00 02 02 05 00 02 03 05 00 01 06 02 00 01 06 03 00 01 06 06 00 02 06 02 00 02 06 03 00 02 06 06 00
01:05:21.543  RX: AA 08 00 00 01 84 E0 01 00 00
01:05:21.544  UNATTR RX: cmd=0x8401 len=1 head=[00] ancFlush=YES
01:05:22.084  TX[verify key function]: AA 07 00 00 08 01 E1 00 00
01:05:22.132  RX: AA 59 00 00 08 81 E1 52 00 00 14 01 01 01 00 01 01 02 00 01 01 03 00 01 01 04 00 01 01 06 00 01 02 05 00 01 03 05 00 02 01 01 00 02 01 02 00 02 01 03 00 02 01 04 00 02 01 06 00 02 02 05 00 02 03 05 00 01 06 02 00 01 06 03 00 01 06 06 00 02 06 02 00 02 06 03 00 02 06 06 00
01:05:22.137  KEYFN: getKeyFunction reply: status=0x00 count=20 parsed=20 dev=0x01/btn=0x01[01:00 02:00 03:00 04:00 06:00] dev=0x01/btn=0x02[05:00] dev=0x01/btn=0x03[05:00] dev=0x01/btn=0x06[02:00 03:00 06:00] dev=0x02/btn=0x01[01:00 02:00 03:00 04:00 06:00] dev=0x02/btn=0x02[05:00] dev=0x02/btn=0x03[05:00] dev=0x02/btn=0x06[02:00 03:00 06:00] RAW=[00 14 01 01 01 00 01 01 02 00 01 01 03 00 01 01 04 00 01 01 06 00 01 02 05 00 01 03 05 00 02 01 01 00 02 01 02 00 02 01 03 00 02 01 04 00 02 01 06 00 02 02 05 00 02 03 05 00 01 06 02 00 01 06 03 00 01 06 06 00 02 06 02 00 02 06 03 00 02 06 06 00]
01:05:22.140  KEYFN DIFF: dev=0x02/btn=0x01 act=0x03: 0x05 -> 0x00
01:05:23.231  KEYFN WRITE: dev=0x02 btn=0x01 act=0x05 -> 0x00 (full table, 20 entries)
01:05:23.234  TX[set key function]: AA 58 00 00 01 04 E2 51 00 14 01 01 01 00 01 01 02 00 01 01 03 00 01 01 04 00 01 01 06 00 01 02 05 00 01 03 05 00 02 01 01 00 02 01 02 00 02 01 03 00 02 01 04 00 02 01 06 00 02 02 05 00 02 03 05 00 01 06 02 00 01 06 03 00 01 06 06 00 02 06 02 00 02 06 03 00 02 06 06 00
01:05:23.307  RX: AA 08 00 00 01 84 E2 01 00 00
01:05:23.308  UNATTR RX: cmd=0x8401 len=1 head=[00] ancFlush=YES
01:05:23.838  TX[verify key function]: AA 07 00 00 08 01 E3 00 00
01:05:23.882  RX: AA 59 00 00 08 81 E3 52 00 00 14 01 01 01 00 01 01 02 00 01 01 03 00 01 01 04 00 01 01 06 00 01 02 05 00 01 03 05 00 02 01 01 00 02 01 02 00 02 01 03 00 02 01 04 00 02 01 06 00 02 02 05 00 02 03 05 00 01 06 02 00 01 06 03 00 01 06 06 00 02 06 02 00 02 06 03 00 02 06 06 00
01:05:23.883  KEYFN: getKeyFunction reply: status=0x00 count=20 parsed=20 dev=0x01/btn=0x01[01:00 02:00 03:00 04:00 06:00] dev=0x01/btn=0x02[05:00] dev=0x01/btn=0x03[05:00] dev=0x01/btn=0x06[02:00 03:00 06:00] dev=0x02/btn=0x01[01:00 02:00 03:00 04:00 06:00] dev=0x02/btn=0x02[05:00] dev=0x02/btn=0x03[05:00] dev=0x02/btn=0x06[02:00 03:00 06:00] RAW=[00 14 01 01 01 00 01 01 02 00 01 01 03 00 01 01 04 00 01 01 06 00 01 02 05 00 01 03 05 00 02 01 01 00 02 01 02 00 02 01 03 00 02 01 04 00 02 01 06 00 02 02 05 00 02 03 05 00 01 06 02 00 01 06 03 00 01 06 06 00 02 06 02 00 02 06 03 00 02 06 06 00]
01:05:23.884  KEYFN DIFF: NO CHANGE (20 slots identical)
01:05:27.948  ANC TAP: circle=Off current=Off
01:05:27.951  TX[ANC Off]: AA 0A 00 00 04 04 E4 03 00 01 01 01
01:05:27.991  RX: AA 0C 00 00 04 02 FF 05 00 03 01 01 08 00
01:05:27.992  ANC EVT: raw=0x0008 -> Off
01:05:28.005  RX: AA 08 00 00 04 84 E4 01 00 00
01:05:28.007  UNATTR RX: cmd=0x8404 len=1 head=[00] ancFlush=YES
01:05:32.316  TX[GameMode]: AA 09 00 00 03 04 E5 02 00 06 01
01:05:32.343  RX: AA 08 00 00 03 84 E5 01 00 00
01:05:32.347  UNATTR RX: cmd=0x8403 len=1 head=[00] ancFlush=YES
01:05:32.841  RX: AA 09 00 00 04 02 FF 02 00 05 01
01:05:32.843  GAME EVT: ON
01:05:34.982  TX[GameMode]: AA 09 00 00 03 04 E6 02 00 06 00
01:05:35.005  RX: AA 08 00 00 03 84 E6 01 00 00
01:05:35.006  UNATTR RX: cmd=0x8403 len=1 head=[00] ancFlush=YES
01:05:35.502  RX: AA 09 00 00 04 02 FF 02 00 05 00
01:05:35.504  GAME EVT: OFF
01:05:40.207  TX[poll status]: AA 13 00 00 0D 01 00 0C 00 0B 05 04 0B 11 13 18 06 1B 1C 27 28
01:05:40.225  RX: AA 17 00 00 0D 81 00 10 00 00 07 05 01 04 00 0B 01 11 01 18 01 06 00 1B 00
01:05:40.716  TX[SpatialSound]: AA 09 00 00 03 04 E7 02 00 1B 01
01:05:40.718  TX[poll status]: AA 13 00 00 0D 01 00 0C 00 0B 05 04 0B 11 13 18 06 1B 1C 27 28
01:05:40.749  RX: AA 08 00 00 03 84 E7 01 00 00
01:05:40.750  UNATTR RX: cmd=0x8403 len=1 head=[00] ancFlush=YES
01:05:40.752  RX: AA 17 00 00 0D 81 00 10 00 00 07 05 01 04 00 0B 01 11 01 18 01 06 00 1B 01
01:05:41.514  TX[poll status]: AA 13 00 00 0D 01 00 0C 00 0B 05 04 0B 11 13 18 06 1B 1C 27 28
01:05:41.545  RX: AA 17 00 00 0D 81 00 10 00 00 07 05 01 04 00 0B 01 11 01 18 01 06 00 1B 01
01:05:42.182  TX[SpatialSound]: AA 09 00 00 03 04 E8 02 00 1B 00
01:05:42.205  RX: AA 08 00 00 03 84 E8 01 00 00
01:05:42.206  UNATTR RX: cmd=0x8403 len=1 head=[00] ancFlush=YES
01:05:43.105  TX[SpatialSound]: AA 09 00 00 03 04 E9 02 00 1B 01
01:05:43.155  RX: AA 08 00 00 03 84 E9 01 00 00
01:05:43.159  UNATTR RX: cmd=0x8403 len=1 head=[00] ancFlush=YES
01:05:43.838  TX[SpatialSound]: AA 09 00 00 03 04 EA 02 00 1B 00
01:05:43.868  RX: AA 08 00 00 03 84 EA 01 00 00
01:05:43.869  UNATTR RX: cmd=0x8403 len=1 head=[00] ancFlush=YES
01:05:44.994  TX[poll status]: AA 13 00 00 0D 01 00 0C 00 0B 05 04 0B 11 13 18 06 1B 1C 27 28
01:05:45.036  RX: AA 17 00 00 0D 81 00 10 00 00 07 05 01 04 00 0B 01 11 01 18 01 06 00 1B 00
01:05:56.695  TX[poll status]: AA 13 00 00 0D 01 00 0C 00 0B 05 04 0B 11 13 18 06 1B 1C 27 28
01:05:56.738  RX: AA 17 00 00 0D 81 00 10 00 00 07 05 01 04 00 0B 01 11 01 18 01 06 00 1B 00
01:05:57.215  TX[poll status]: AA 13 00 00 0D 01 00 0C 00 0B 05 04 0B 11 13 18 06 1B 1C 27 28
01:05:57.258  RX: AA 17 00 00 0D 81 00 10 00 00 07 05 01 04 00 0B 01 11 01 18 01 06 00 1B 00
01:05:58.160  TX[poll status]: AA 13 00 00 0D 01 00 0C 00 0B 05 04 0B 11 13 18 06 1B 1C 27 28
01:05:58.189  RX: AA 17 00 00 0D 81 00 10 00 00 07 05 01 04 00 0B 01 11 01 18 01 06 00 1B 00
